<Qucs Dataset 0.0.20>
<indep time 501>
  +0.00000000000000000000e+00
  +1.00000000000000008180e-05
  +2.00000000000000016361e-05
  +3.00000000000000041482e-05
  +4.00000000000000032721e-05
  +5.00000000000000023961e-05
  +6.00000000000000082963e-05
  +7.00000000000000074203e-05
  +8.00000000000000065442e-05
  +9.00000000000000056682e-05
  +1.00000000000000004792e-04
  +1.10000000000000003916e-04
  +1.20000000000000016593e-04
  +1.30000000000000015717e-04
  +1.40000000000000014841e-04
  +1.50000000000000013965e-04
  +1.60000000000000013088e-04
  +1.70000000000000012212e-04
  +1.80000000000000011336e-04
  +1.90000000000000010460e-04
  +2.00000000000000009584e-04
  +2.10000000000000008708e-04
  +2.20000000000000007832e-04
  +2.30000000000000006956e-04
  +2.40000000000000033185e-04
  +2.50000000000000005204e-04
  +2.60000000000000031433e-04
  +2.70000000000000003452e-04
  +2.80000000000000029681e-04
  +2.90000000000000001700e-04
  +3.00000000000000027929e-04
  +3.09999999999999999948e-04
  +3.20000000000000026177e-04
  +3.30000000000000052406e-04
  +3.40000000000000024425e-04
  +3.50000000000000050654e-04
  +3.60000000000000022673e-04
  +3.70000000000000048902e-04
  +3.80000000000000020921e-04
  +3.90000000000000047150e-04
  +4.00000000000000019169e-04
  +4.10000000000000045398e-04
  +4.20000000000000017417e-04
  +4.30000000000000043646e-04
  +4.40000000000000015665e-04
  +4.50000000000000041894e-04
  +4.60000000000000013912e-04
  +4.70000000000000040142e-04
  +4.80000000000000066371e-04
  +4.90000000000000092600e-04
  +5.00000000000000010408e-04
  +5.10000000000000036637e-04
  +5.20000000000000062866e-04
  +5.30000000000000089095e-04
  +5.40000000000000006904e-04
  +5.50000000000000033133e-04
  +5.60000000000000059362e-04
  +5.70000000000000085591e-04
  +5.80000000000000003400e-04
  +5.90000000000000029629e-04
  +6.00000000000000055858e-04
  +6.10000000000000082087e-04
  +6.19999999999999999896e-04
  +6.30000000000000026125e-04
  +6.40000000000000052354e-04
  +6.50000000000000078583e-04
  +6.60000000000000104812e-04
  +6.70000000000000022621e-04
  +6.80000000000000048850e-04
  +6.90000000000000075079e-04
  +7.00000000000000101308e-04
  +7.10000000000000019117e-04
  +7.20000000000000045346e-04
  +7.30000000000000071575e-04
  +7.40000000000000097804e-04
  +7.50000000000000015613e-04
  +7.60000000000000041842e-04
  +7.70000000000000068071e-04
  +7.80000000000000094300e-04
  +7.90000000000000012108e-04
  +8.00000000000000038337e-04
  +8.10000000000000064566e-04
  +8.20000000000000090795e-04
  +8.30000000000000117024e-04
  +8.40000000000000034833e-04
  +8.50000000000000061062e-04
  +8.60000000000000087291e-04
  +8.70000000000000113520e-04
  +8.80000000000000031329e-04
  +8.90000000000000057558e-04
  +9.00000000000000083787e-04
  +9.10000000000000110016e-04
  +9.20000000000000027825e-04
  +9.30000000000000054054e-04
  +9.40000000000000080283e-04
  +9.50000000000000106512e-04
  +9.60000000000000132741e-04
  +9.70000000000000050550e-04
  +9.80000000000000185199e-04
  +9.89999999999999994588e-04
  +1.00000000000000002082e-03
  +1.01000000000000004705e-03
  +1.02000000000000007327e-03
  +1.03000000000000009950e-03
  +1.04000000000000012573e-03
  +1.05000000000000015196e-03
  +1.06000000000000017819e-03
  +1.06999999999999998758e-03
  +1.08000000000000001381e-03
  +1.09000000000000004004e-03
  +1.10000000000000006627e-03
  +1.11000000000000009250e-03
  +1.12000000000000011872e-03
  +1.13000000000000014495e-03
  +1.14000000000000017118e-03
  +1.15000000000000019741e-03
  +1.16000000000000000680e-03
  +1.17000000000000003303e-03
  +1.18000000000000005926e-03
  +1.19000000000000008549e-03
  +1.20000000000000011172e-03
  +1.21000000000000013795e-03
  +1.22000000000000016417e-03
  +1.23000000000000019040e-03
  +1.23999999999999999979e-03
  +1.25000000000000002602e-03
  +1.26000000000000005225e-03
  +1.27000000000000007848e-03
  +1.28000000000000010471e-03
  +1.29000000000000013094e-03
  +1.30000000000000015717e-03
  +1.31000000000000018339e-03
  +1.32000000000000020962e-03
  +1.33000000000000001901e-03
  +1.34000000000000004524e-03
  +1.35000000000000007147e-03
  +1.36000000000000009770e-03
  +1.37000000000000012393e-03
  +1.38000000000000015016e-03
  +1.39000000000000017639e-03
  +1.40000000000000020262e-03
  +1.41000000000000001200e-03
  +1.42000000000000003823e-03
  +1.43000000000000006446e-03
  +1.44000000000000009069e-03
  +1.45000000000000011692e-03
  +1.46000000000000014315e-03
  +1.47000000000000016938e-03
  +1.48000000000000019561e-03
  +1.49000000000000022184e-03
  +1.50000000000000003123e-03
  +1.51000000000000005745e-03
  +1.52000000000000008368e-03
  +1.53000000000000010991e-03
  +1.54000000000000013614e-03
  +1.55000000000000016237e-03
  +1.56000000000000018860e-03
  +1.57000000000000021483e-03
  +1.58000000000000002422e-03
  +1.59000000000000005045e-03
  +1.60000000000000007667e-03
  +1.61000000000000010290e-03
  +1.62000000000000012913e-03
  +1.63000000000000015536e-03
  +1.64000000000000018159e-03
  +1.65000000000000020782e-03
  +1.66000000000000023405e-03
  +1.67000000000000004344e-03
  +1.68000000000000006967e-03
  +1.69000000000000009590e-03
  +1.70000000000000012212e-03
  +1.71000000000000014835e-03
  +1.72000000000000017458e-03
  +1.73000000000000020081e-03
  +1.74000000000000022704e-03
  +1.75000000000000003643e-03
  +1.76000000000000006266e-03
  +1.77000000000000008889e-03
  +1.78000000000000011512e-03
  +1.79000000000000014135e-03
  +1.80000000000000016757e-03
  +1.81000000000000019380e-03
  +1.82000000000000022003e-03
  +1.83000000000000024626e-03
  +1.84000000000000005565e-03
  +1.85000000000000008188e-03
  +1.86000000000000010811e-03
  +1.87000000000000013434e-03
  +1.88000000000000016057e-03
  +1.89000000000000018680e-03
  +1.90000000000000021302e-03
  +1.91000000000000023925e-03
  +1.92000000000000026548e-03
  +1.93000000000000007487e-03
  +1.94000000000000010110e-03
  +1.95000000000000012733e-03
  +1.96000000000000037040e-03
  +1.96999999999999996295e-03
  +1.97999999999999998918e-03
  +1.99000000000000001540e-03
  +2.00000000000000004163e-03
  +2.01000000000000006786e-03
  +2.02000000000000009409e-03
  +2.03000000000000012032e-03
  +2.04000000000000014655e-03
  +2.05000000000000017278e-03
  +2.06000000000000019901e-03
  +2.07000000000000022524e-03
  +2.08000000000000025147e-03
  +2.09000000000000027769e-03
  +2.10000000000000030392e-03
  +2.11000000000000033015e-03
  +2.12000000000000035638e-03
  +2.13000000000000038261e-03
  +2.13999999999999997516e-03
  +2.15000000000000000139e-03
  +2.16000000000000002762e-03
  +2.17000000000000005385e-03
  +2.18000000000000008007e-03
  +2.19000000000000010630e-03
  +2.20000000000000013253e-03
  +2.21000000000000015876e-03
  +2.22000000000000018499e-03
  +2.23000000000000021122e-03
  +2.24000000000000023745e-03
  +2.25000000000000026368e-03
  +2.26000000000000028991e-03
  +2.27000000000000031614e-03
  +2.28000000000000034237e-03
  +2.29000000000000036859e-03
  +2.30000000000000039482e-03
  +2.30999999999999998737e-03
  +2.32000000000000001360e-03
  +2.33000000000000003983e-03
  +2.34000000000000006606e-03
  +2.35000000000000009229e-03
  +2.36000000000000011852e-03
  +2.37000000000000014475e-03
  +2.38000000000000017097e-03
  +2.39000000000000019720e-03
  +2.40000000000000022343e-03
  +2.41000000000000024966e-03
  +2.42000000000000027589e-03
  +2.43000000000000030212e-03
  +2.44000000000000032835e-03
  +2.45000000000000035458e-03
  +2.46000000000000038081e-03
  +2.47000000000000040704e-03
  +2.47999999999999999958e-03
  +2.49000000000000002581e-03
  +2.50000000000000005204e-03
  +2.51000000000000007827e-03
  +2.52000000000000010450e-03
  +2.53000000000000013073e-03
  +2.54000000000000015696e-03
  +2.55000000000000018319e-03
  +2.56000000000000020942e-03
  +2.57000000000000023564e-03
  +2.58000000000000026187e-03
  +2.59000000000000028810e-03
  +2.60000000000000031433e-03
  +2.61000000000000034056e-03
  +2.62000000000000036679e-03
  +2.63000000000000039302e-03
  +2.64000000000000041925e-03
  +2.65000000000000001180e-03
  +2.66000000000000003803e-03
  +2.67000000000000006425e-03
  +2.68000000000000009048e-03
  +2.69000000000000011671e-03
  +2.70000000000000014294e-03
  +2.71000000000000016917e-03
  +2.72000000000000019540e-03
  +2.73000000000000022163e-03
  +2.74000000000000024786e-03
  +2.75000000000000027409e-03
  +2.76000000000000030032e-03
  +2.77000000000000032654e-03
  +2.78000000000000035277e-03
  +2.79000000000000037900e-03
  +2.80000000000000040523e-03
  +2.81000000000000043146e-03
  +2.82000000000000002401e-03
  +2.83000000000000005024e-03
  +2.84000000000000007647e-03
  +2.85000000000000010270e-03
  +2.86000000000000012892e-03
  +2.87000000000000015515e-03
  +2.88000000000000018138e-03
  +2.89000000000000020761e-03
  +2.90000000000000023384e-03
  +2.91000000000000026007e-03
  +2.92000000000000028630e-03
  +2.93000000000000031253e-03
  +2.94000000000000033876e-03
  +2.95000000000000036499e-03
  +2.96000000000000039121e-03
  +2.97000000000000041744e-03
  +2.98000000000000044367e-03
  +2.99000000000000003622e-03
  +3.00000000000000006245e-03
  +3.01000000000000008868e-03
  +3.02000000000000011491e-03
  +3.03000000000000014114e-03
  +3.04000000000000016737e-03
  +3.05000000000000019360e-03
  +3.06000000000000021982e-03
  +3.07000000000000024605e-03
  +3.08000000000000027228e-03
  +3.09000000000000029851e-03
  +3.10000000000000032474e-03
  +3.11000000000000035097e-03
  +3.12000000000000037720e-03
  +3.13000000000000040343e-03
  +3.14000000000000042966e-03
  +3.15000000000000045589e-03
  +3.16000000000000004843e-03
  +3.17000000000000007466e-03
  +3.18000000000000010089e-03
  +3.19000000000000012712e-03
  +3.20000000000000015335e-03
  +3.21000000000000017958e-03
  +3.22000000000000020581e-03
  +3.23000000000000023204e-03
  +3.24000000000000025827e-03
  +3.25000000000000028449e-03
  +3.26000000000000031072e-03
  +3.27000000000000033695e-03
  +3.28000000000000036318e-03
  +3.29000000000000038941e-03
  +3.30000000000000041564e-03
  +3.31000000000000044187e-03
  +3.32000000000000046810e-03
  +3.33000000000000006065e-03
  +3.34000000000000008687e-03
  +3.35000000000000011310e-03
  +3.36000000000000013933e-03
  +3.37000000000000016556e-03
  +3.38000000000000019179e-03
  +3.39000000000000021802e-03
  +3.40000000000000024425e-03
  +3.41000000000000027048e-03
  +3.42000000000000029671e-03
  +3.43000000000000032294e-03
  +3.44000000000000034917e-03
  +3.45000000000000037539e-03
  +3.46000000000000040162e-03
  +3.47000000000000042785e-03
  +3.48000000000000045408e-03
  +3.49000000000000048031e-03
  +3.50000000000000007286e-03
  +3.51000000000000009909e-03
  +3.52000000000000012532e-03
  +3.53000000000000015155e-03
  +3.54000000000000017777e-03
  +3.55000000000000020400e-03
  +3.56000000000000023023e-03
  +3.57000000000000025646e-03
  +3.58000000000000028269e-03
  +3.59000000000000030892e-03
  +3.60000000000000033515e-03
  +3.61000000000000036138e-03
  +3.62000000000000038761e-03
  +3.63000000000000041384e-03
  +3.64000000000000044006e-03
  +3.65000000000000046629e-03
  +3.66000000000000049252e-03
  +3.67000000000000008507e-03
  +3.68000000000000011130e-03
  +3.69000000000000013753e-03
  +3.70000000000000016376e-03
  +3.71000000000000018999e-03
  +3.72000000000000021622e-03
  +3.73000000000000024244e-03
  +3.74000000000000026867e-03
  +3.75000000000000029490e-03
  +3.76000000000000032113e-03
  +3.77000000000000034736e-03
  +3.78000000000000037359e-03
  +3.79000000000000039982e-03
  +3.80000000000000042605e-03
  +3.81000000000000045228e-03
  +3.82000000000000047851e-03
  +3.83000000000000050474e-03
  +3.84000000000000053096e-03
  +3.85000000000000012351e-03
  +3.86000000000000014974e-03
  +3.87000000000000017597e-03
  +3.88000000000000020220e-03
  +3.89000000000000022843e-03
  +3.90000000000000025466e-03
  +3.91000000000000028089e-03
  +3.92000000000000074080e-03
  +3.93000000000000033334e-03
  +3.93999999999999992589e-03
  +3.95000000000000038580e-03
  +3.95999999999999997835e-03
  +3.97000000000000043826e-03
  +3.98000000000000003081e-03
  +3.99000000000000049072e-03
  +4.00000000000000008327e-03
  +4.01000000000000054318e-03
  +4.02000000000000013572e-03
  +4.03000000000000059563e-03
  +4.04000000000000018818e-03
  +4.05000000000000064809e-03
  +4.06000000000000024064e-03
  +4.07000000000000070055e-03
  +4.08000000000000029310e-03
  +4.09000000000000075301e-03
  +4.10000000000000034556e-03
  +4.10999999999999993811e-03
  +4.12000000000000039801e-03
  +4.12999999999999999056e-03
  +4.14000000000000045047e-03
  +4.15000000000000004302e-03
  +4.16000000000000050293e-03
  +4.17000000000000009548e-03
  +4.18000000000000055539e-03
  +4.19000000000000014794e-03
  +4.20000000000000060785e-03
  +4.21000000000000020040e-03
  +4.22000000000000066031e-03
  +4.23000000000000025285e-03
  +4.24000000000000071276e-03
  +4.25000000000000030531e-03
  +4.26000000000000076522e-03
  +4.27000000000000035777e-03
  +4.27999999999999995032e-03
  +4.29000000000000041023e-03
  +4.30000000000000000278e-03
  +4.31000000000000046269e-03
  +4.32000000000000005523e-03
  +4.33000000000000051514e-03
  +4.34000000000000010769e-03
  +4.35000000000000056760e-03
  +4.36000000000000016015e-03
  +4.37000000000000062006e-03
  +4.38000000000000021261e-03
  +4.39000000000000067252e-03
  +4.40000000000000026507e-03
  +4.41000000000000072498e-03
  +4.42000000000000031752e-03
  +4.43000000000000077743e-03
  +4.44000000000000036998e-03
  +4.44999999999999996253e-03
  +4.46000000000000042244e-03
  +4.47000000000000001499e-03
  +4.48000000000000047490e-03
  +4.49000000000000006745e-03
  +4.50000000000000052736e-03
  +4.51000000000000011990e-03
  +4.52000000000000057981e-03
  +4.53000000000000017236e-03
  +4.54000000000000063227e-03
  +4.55000000000000022482e-03
  +4.56000000000000068473e-03
  +4.57000000000000027728e-03
  +4.58000000000000073719e-03
  +4.59000000000000032974e-03
  +4.60000000000000078965e-03
  +4.61000000000000038219e-03
  +4.61999999999999997474e-03
  +4.63000000000000043465e-03
  +4.64000000000000002720e-03
  +4.65000000000000048711e-03
  +4.66000000000000007966e-03
  +4.67000000000000053957e-03
  +4.68000000000000013212e-03
  +4.69000000000000059203e-03
  +4.70000000000000018457e-03
  +4.71000000000000064448e-03
  +4.72000000000000023703e-03
  +4.73000000000000069694e-03
  +4.74000000000000028949e-03
  +4.75000000000000074940e-03
  +4.76000000000000034195e-03
  +4.77000000000000080186e-03
  +4.78000000000000039441e-03
  +4.78999999999999998695e-03
  +4.80000000000000044686e-03
  +4.81000000000000003941e-03
  +4.82000000000000049932e-03
  +4.83000000000000009187e-03
  +4.84000000000000055178e-03
  +4.85000000000000014433e-03
  +4.86000000000000060424e-03
  +4.87000000000000019679e-03
  +4.88000000000000065670e-03
  +4.89000000000000024925e-03
  +4.90000000000000070915e-03
  +4.91000000000000030170e-03
  +4.92000000000000076161e-03
  +4.93000000000000035416e-03
  +4.94000000000000081407e-03
  +4.95000000000000040662e-03
  +4.95999999999999999917e-03
  +4.97000000000000045908e-03
  +4.98000000000000005163e-03
  +4.99000000000000051154e-03
  +5.00000000000000010408e-03
</indep>
<dep V1.It time>
  +0.00000000000000000000e+00
  +0.00000000000000000000e+00
  +0.00000000000000000000e+00
  +0.00000000000000000000e+00
  +0.00000000000000000000e+00
  +0.00000000000000000000e+00
  +0.00000000000000000000e+00
  +0.00000000000000000000e+00
  +0.00000000000000000000e+00
  +0.00000000000000000000e+00
  +0.00000000000000000000e+00
  +0.00000000000000000000e+00
  +0.00000000000000000000e+00
  +0.00000000000000000000e+00
  +0.00000000000000000000e+00
  +0.00000000000000000000e+00
  +0.00000000000000000000e+00
  +0.00000000000000000000e+00
  +0.00000000000000000000e+00
  +0.00000000000000000000e+00
  +0.00000000000000000000e+00
  +0.00000000000000000000e+00
  +0.00000000000000000000e+00
  +0.00000000000000000000e+00
  +0.00000000000000000000e+00
  +0.00000000000000000000e+00
  +0.00000000000000000000e+00
  +0.00000000000000000000e+00
  +0.00000000000000000000e+00
  +0.00000000000000000000e+00
  +0.00000000000000000000e+00
  +0.00000000000000000000e+00
  +0.00000000000000000000e+00
  +0.00000000000000000000e+00
  +0.00000000000000000000e+00
  +0.00000000000000000000e+00
  +0.00000000000000000000e+00
  +0.00000000000000000000e+00
  +0.00000000000000000000e+00
  +0.00000000000000000000e+00
  +0.00000000000000000000e+00
  +0.00000000000000000000e+00
  +0.00000000000000000000e+00
  +0.00000000000000000000e+00
  +0.00000000000000000000e+00
  +0.00000000000000000000e+00
  +0.00000000000000000000e+00
  +0.00000000000000000000e+00
  +0.00000000000000000000e+00
  +0.00000000000000000000e+00
  +0.00000000000000000000e+00
  +0.00000000000000000000e+00
  +0.00000000000000000000e+00
  +0.00000000000000000000e+00
  +0.00000000000000000000e+00
  +0.00000000000000000000e+00
  +0.00000000000000000000e+00
  +0.00000000000000000000e+00
  +0.00000000000000000000e+00
  +0.00000000000000000000e+00
  +0.00000000000000000000e+00
  +0.00000000000000000000e+00
  +0.00000000000000000000e+00
  +0.00000000000000000000e+00
  +0.00000000000000000000e+00
  +0.00000000000000000000e+00
  +0.00000000000000000000e+00
  +0.00000000000000000000e+00
  +0.00000000000000000000e+00
  +0.00000000000000000000e+00
  +0.00000000000000000000e+00
  +0.00000000000000000000e+00
  +0.00000000000000000000e+00
  +0.00000000000000000000e+00
  +0.00000000000000000000e+00
  +0.00000000000000000000e+00
  +0.00000000000000000000e+00
  +0.00000000000000000000e+00
  +0.00000000000000000000e+00
  +0.00000000000000000000e+00
  +0.00000000000000000000e+00
  +0.00000000000000000000e+00
  +0.00000000000000000000e+00
  +0.00000000000000000000e+00
  +0.00000000000000000000e+00
  +0.00000000000000000000e+00
  +0.00000000000000000000e+00
  +0.00000000000000000000e+00
  +0.00000000000000000000e+00
  +0.00000000000000000000e+00
  +0.00000000000000000000e+00
  +0.00000000000000000000e+00
  +0.00000000000000000000e+00
  +0.00000000000000000000e+00
  +0.00000000000000000000e+00
  +0.00000000000000000000e+00
  +0.00000000000000000000e+00
  +0.00000000000000000000e+00
  +0.00000000000000000000e+00
  +0.00000000000000000000e+00
  +0.00000000000000000000e+00
  +0.00000000000000000000e+00
  +0.00000000000000000000e+00
  +0.00000000000000000000e+00
  +0.00000000000000000000e+00
  +0.00000000000000000000e+00
  +0.00000000000000000000e+00
  +0.00000000000000000000e+00
  +0.00000000000000000000e+00
  +0.00000000000000000000e+00
  +0.00000000000000000000e+00
  +0.00000000000000000000e+00
  +0.00000000000000000000e+00
  +0.00000000000000000000e+00
  +0.00000000000000000000e+00
  +0.00000000000000000000e+00
  +0.00000000000000000000e+00
  +0.00000000000000000000e+00
  +0.00000000000000000000e+00
  +0.00000000000000000000e+00
  +0.00000000000000000000e+00
  +0.00000000000000000000e+00
  +0.00000000000000000000e+00
  +0.00000000000000000000e+00
  +0.00000000000000000000e+00
  +0.00000000000000000000e+00
  +0.00000000000000000000e+00
  +0.00000000000000000000e+00
  +0.00000000000000000000e+00
  +0.00000000000000000000e+00
  +0.00000000000000000000e+00
  +0.00000000000000000000e+00
  +0.00000000000000000000e+00
  +0.00000000000000000000e+00
  +0.00000000000000000000e+00
  +0.00000000000000000000e+00
  +0.00000000000000000000e+00
  +0.00000000000000000000e+00
  +0.00000000000000000000e+00
  +0.00000000000000000000e+00
  +0.00000000000000000000e+00
  +0.00000000000000000000e+00
  +0.00000000000000000000e+00
  +0.00000000000000000000e+00
  +0.00000000000000000000e+00
  +0.00000000000000000000e+00
  +0.00000000000000000000e+00
  +0.00000000000000000000e+00
  +0.00000000000000000000e+00
  +0.00000000000000000000e+00
  +0.00000000000000000000e+00
  +0.00000000000000000000e+00
  +0.00000000000000000000e+00
  +0.00000000000000000000e+00
  +0.00000000000000000000e+00
  +0.00000000000000000000e+00
  +0.00000000000000000000e+00
  +0.00000000000000000000e+00
  +0.00000000000000000000e+00
  +0.00000000000000000000e+00
  +0.00000000000000000000e+00
  +0.00000000000000000000e+00
  +0.00000000000000000000e+00
  +0.00000000000000000000e+00
  +0.00000000000000000000e+00
  +0.00000000000000000000e+00
  +0.00000000000000000000e+00
  +0.00000000000000000000e+00
  +0.00000000000000000000e+00
  +0.00000000000000000000e+00
  +0.00000000000000000000e+00
  +0.00000000000000000000e+00
  +0.00000000000000000000e+00
  +0.00000000000000000000e+00
  +0.00000000000000000000e+00
  +0.00000000000000000000e+00
  +0.00000000000000000000e+00
  +0.00000000000000000000e+00
  +0.00000000000000000000e+00
  +0.00000000000000000000e+00
  +0.00000000000000000000e+00
  +0.00000000000000000000e+00
  +0.00000000000000000000e+00
  +0.00000000000000000000e+00
  +0.00000000000000000000e+00
  +0.00000000000000000000e+00
  +0.00000000000000000000e+00
  +0.00000000000000000000e+00
  +0.00000000000000000000e+00
  +0.00000000000000000000e+00
  +0.00000000000000000000e+00
  +0.00000000000000000000e+00
  +0.00000000000000000000e+00
  +0.00000000000000000000e+00
  +0.00000000000000000000e+00
  +0.00000000000000000000e+00
  +0.00000000000000000000e+00
  +0.00000000000000000000e+00
  +0.00000000000000000000e+00
  +0.00000000000000000000e+00
  +0.00000000000000000000e+00
  +0.00000000000000000000e+00
  +0.00000000000000000000e+00
  +0.00000000000000000000e+00
  +0.00000000000000000000e+00
  +0.00000000000000000000e+00
  +0.00000000000000000000e+00
  +0.00000000000000000000e+00
  +0.00000000000000000000e+00
  +0.00000000000000000000e+00
  +0.00000000000000000000e+00
  +0.00000000000000000000e+00
  +0.00000000000000000000e+00
  +0.00000000000000000000e+00
  +0.00000000000000000000e+00
  +0.00000000000000000000e+00
  +0.00000000000000000000e+00
  +0.00000000000000000000e+00
  +0.00000000000000000000e+00
  +0.00000000000000000000e+00
  +0.00000000000000000000e+00
  +0.00000000000000000000e+00
  +0.00000000000000000000e+00
  +0.00000000000000000000e+00
  +0.00000000000000000000e+00
  +0.00000000000000000000e+00
  +0.00000000000000000000e+00
  +0.00000000000000000000e+00
  +0.00000000000000000000e+00
  +0.00000000000000000000e+00
  +0.00000000000000000000e+00
  +0.00000000000000000000e+00
  +0.00000000000000000000e+00
  +0.00000000000000000000e+00
  +0.00000000000000000000e+00
  +0.00000000000000000000e+00
  +0.00000000000000000000e+00
  +0.00000000000000000000e+00
  +0.00000000000000000000e+00
  +0.00000000000000000000e+00
  +0.00000000000000000000e+00
  +0.00000000000000000000e+00
  +0.00000000000000000000e+00
  +0.00000000000000000000e+00
  +0.00000000000000000000e+00
  +0.00000000000000000000e+00
  +0.00000000000000000000e+00
  +0.00000000000000000000e+00
  +0.00000000000000000000e+00
  +0.00000000000000000000e+00
  +0.00000000000000000000e+00
  +0.00000000000000000000e+00
  +0.00000000000000000000e+00
  +0.00000000000000000000e+00
  +0.00000000000000000000e+00
  +0.00000000000000000000e+00
  +0.00000000000000000000e+00
  +0.00000000000000000000e+00
  +0.00000000000000000000e+00
  +0.00000000000000000000e+00
  +0.00000000000000000000e+00
  +0.00000000000000000000e+00
  +0.00000000000000000000e+00
  +0.00000000000000000000e+00
  +0.00000000000000000000e+00
  +0.00000000000000000000e+00
  +0.00000000000000000000e+00
  +0.00000000000000000000e+00
  +0.00000000000000000000e+00
  +0.00000000000000000000e+00
  +0.00000000000000000000e+00
  +0.00000000000000000000e+00
  +0.00000000000000000000e+00
  +0.00000000000000000000e+00
  +0.00000000000000000000e+00
  +0.00000000000000000000e+00
  +0.00000000000000000000e+00
  +0.00000000000000000000e+00
  +0.00000000000000000000e+00
  +0.00000000000000000000e+00
  +0.00000000000000000000e+00
  +0.00000000000000000000e+00
  +0.00000000000000000000e+00
  +0.00000000000000000000e+00
  +0.00000000000000000000e+00
  +0.00000000000000000000e+00
  +0.00000000000000000000e+00
  +0.00000000000000000000e+00
  +0.00000000000000000000e+00
  +0.00000000000000000000e+00
  +0.00000000000000000000e+00
  +0.00000000000000000000e+00
  +0.00000000000000000000e+00
  +0.00000000000000000000e+00
  +0.00000000000000000000e+00
  +0.00000000000000000000e+00
  +0.00000000000000000000e+00
  +0.00000000000000000000e+00
  +0.00000000000000000000e+00
  +0.00000000000000000000e+00
  +0.00000000000000000000e+00
  +0.00000000000000000000e+00
  +0.00000000000000000000e+00
  +0.00000000000000000000e+00
  +0.00000000000000000000e+00
  +0.00000000000000000000e+00
  +0.00000000000000000000e+00
  +0.00000000000000000000e+00
  +0.00000000000000000000e+00
  +0.00000000000000000000e+00
  +0.00000000000000000000e+00
  +0.00000000000000000000e+00
  +0.00000000000000000000e+00
  +0.00000000000000000000e+00
  +0.00000000000000000000e+00
  +0.00000000000000000000e+00
  +0.00000000000000000000e+00
  +0.00000000000000000000e+00
  +0.00000000000000000000e+00
  +0.00000000000000000000e+00
  +0.00000000000000000000e+00
  +0.00000000000000000000e+00
  +0.00000000000000000000e+00
  +0.00000000000000000000e+00
  +0.00000000000000000000e+00
  +0.00000000000000000000e+00
  +0.00000000000000000000e+00
  +0.00000000000000000000e+00
  +0.00000000000000000000e+00
  +0.00000000000000000000e+00
  +0.00000000000000000000e+00
  +0.00000000000000000000e+00
  +0.00000000000000000000e+00
  +0.00000000000000000000e+00
  +0.00000000000000000000e+00
  +0.00000000000000000000e+00
  +0.00000000000000000000e+00
  +0.00000000000000000000e+00
  +0.00000000000000000000e+00
  +0.00000000000000000000e+00
  +0.00000000000000000000e+00
  +0.00000000000000000000e+00
  +0.00000000000000000000e+00
  +0.00000000000000000000e+00
  +0.00000000000000000000e+00
  +0.00000000000000000000e+00
  +0.00000000000000000000e+00
  +0.00000000000000000000e+00
  +0.00000000000000000000e+00
  +0.00000000000000000000e+00
  +0.00000000000000000000e+00
  +0.00000000000000000000e+00
  +0.00000000000000000000e+00
  +0.00000000000000000000e+00
  +0.00000000000000000000e+00
  +0.00000000000000000000e+00
  +0.00000000000000000000e+00
  +0.00000000000000000000e+00
  +0.00000000000000000000e+00
  +0.00000000000000000000e+00
  +0.00000000000000000000e+00
  +0.00000000000000000000e+00
  +0.00000000000000000000e+00
  +0.00000000000000000000e+00
  +0.00000000000000000000e+00
  +0.00000000000000000000e+00
  +0.00000000000000000000e+00
  +0.00000000000000000000e+00
  +0.00000000000000000000e+00
  +0.00000000000000000000e+00
  +0.00000000000000000000e+00
  +0.00000000000000000000e+00
  +0.00000000000000000000e+00
  +0.00000000000000000000e+00
  +0.00000000000000000000e+00
  +0.00000000000000000000e+00
  +0.00000000000000000000e+00
  +0.00000000000000000000e+00
  +0.00000000000000000000e+00
  +0.00000000000000000000e+00
  +0.00000000000000000000e+00
  +0.00000000000000000000e+00
  +0.00000000000000000000e+00
  +0.00000000000000000000e+00
  +0.00000000000000000000e+00
  +0.00000000000000000000e+00
  +0.00000000000000000000e+00
  +0.00000000000000000000e+00
  +0.00000000000000000000e+00
  +0.00000000000000000000e+00
  +0.00000000000000000000e+00
  +0.00000000000000000000e+00
  +0.00000000000000000000e+00
  +0.00000000000000000000e+00
  +0.00000000000000000000e+00
  +0.00000000000000000000e+00
  +0.00000000000000000000e+00
  +0.00000000000000000000e+00
  +0.00000000000000000000e+00
  +0.00000000000000000000e+00
  +0.00000000000000000000e+00
  +0.00000000000000000000e+00
  +0.00000000000000000000e+00
  +0.00000000000000000000e+00
  +0.00000000000000000000e+00
  +0.00000000000000000000e+00
  +0.00000000000000000000e+00
  +0.00000000000000000000e+00
  +0.00000000000000000000e+00
  +0.00000000000000000000e+00
  +0.00000000000000000000e+00
  +0.00000000000000000000e+00
  +0.00000000000000000000e+00
  +0.00000000000000000000e+00
  +0.00000000000000000000e+00
  +0.00000000000000000000e+00
  +0.00000000000000000000e+00
  +0.00000000000000000000e+00
  +0.00000000000000000000e+00
  +0.00000000000000000000e+00
  +0.00000000000000000000e+00
  +0.00000000000000000000e+00
  +0.00000000000000000000e+00
  +0.00000000000000000000e+00
  +0.00000000000000000000e+00
  +0.00000000000000000000e+00
  +0.00000000000000000000e+00
  +0.00000000000000000000e+00
  +0.00000000000000000000e+00
  +0.00000000000000000000e+00
  +0.00000000000000000000e+00
  +0.00000000000000000000e+00
  +0.00000000000000000000e+00
  +0.00000000000000000000e+00
  +0.00000000000000000000e+00
  +0.00000000000000000000e+00
  +0.00000000000000000000e+00
  +0.00000000000000000000e+00
  +0.00000000000000000000e+00
  +0.00000000000000000000e+00
  +0.00000000000000000000e+00
  +0.00000000000000000000e+00
  +0.00000000000000000000e+00
  +0.00000000000000000000e+00
  +0.00000000000000000000e+00
  +0.00000000000000000000e+00
  +0.00000000000000000000e+00
  +0.00000000000000000000e+00
  +0.00000000000000000000e+00
  +0.00000000000000000000e+00
  +0.00000000000000000000e+00
  +0.00000000000000000000e+00
  +0.00000000000000000000e+00
  +0.00000000000000000000e+00
  +0.00000000000000000000e+00
  +0.00000000000000000000e+00
  +0.00000000000000000000e+00
  +0.00000000000000000000e+00
  +0.00000000000000000000e+00
  +0.00000000000000000000e+00
  +0.00000000000000000000e+00
  +0.00000000000000000000e+00
  +0.00000000000000000000e+00
  +0.00000000000000000000e+00
  +0.00000000000000000000e+00
  +0.00000000000000000000e+00
  +0.00000000000000000000e+00
  +0.00000000000000000000e+00
  +0.00000000000000000000e+00
  +0.00000000000000000000e+00
  +0.00000000000000000000e+00
  +0.00000000000000000000e+00
  +0.00000000000000000000e+00
  +0.00000000000000000000e+00
  +0.00000000000000000000e+00
  +0.00000000000000000000e+00
  +0.00000000000000000000e+00
  +0.00000000000000000000e+00
  +0.00000000000000000000e+00
  +0.00000000000000000000e+00
  +0.00000000000000000000e+00
  +0.00000000000000000000e+00
  +0.00000000000000000000e+00
  +0.00000000000000000000e+00
  +0.00000000000000000000e+00
  +0.00000000000000000000e+00
  +0.00000000000000000000e+00
  +0.00000000000000000000e+00
  +0.00000000000000000000e+00
  +0.00000000000000000000e+00
  +0.00000000000000000000e+00
  +0.00000000000000000000e+00
  +0.00000000000000000000e+00
  +0.00000000000000000000e+00
  +0.00000000000000000000e+00
  +0.00000000000000000000e+00
  +0.00000000000000000000e+00
  +0.00000000000000000000e+00
  +0.00000000000000000000e+00
  +0.00000000000000000000e+00
  +0.00000000000000000000e+00
</dep>
<dep V_o.Vt time>
  +0.00000000000000000000e+00
  +4.98679813670744806475e-02
  +9.95391565899173963450e-02
  +1.48817496228387302626e-01
  +1.97508521185221663785e-01
  +2.45420070226319897433e-01
  +2.92363058353464988492e-01
  +3.38152223036527255218e-01
  +3.82606855360111131059e-01
  +4.25551513199138253807e-01
  +4.66816713608788569356e-01
  +5.06239601696250152152e-01
  +5.43664593334548862380e-01
  +5.78943989181957108237e-01
  +6.11938557583734388245e-01
  +6.42518084055752058958e-01
  +6.70561885181446992732e-01
  +6.95959284893991947385e-01
  +7.18610051264017002381e-01
  +7.38424792069091062707e-01
  +7.55325307583831206948e-01
  +7.69244899198347598102e-01
  +7.80128632647051900584e-01
  +7.87933554808990077589e-01
  +7.92628863224091317896e-01
  +7.94196027656337011358e-01
  +7.92628863224091317896e-01
  +7.87933554808990077589e-01
  +7.80128632647052011606e-01
  +7.69244899198347709124e-01
  +7.55325307583831317970e-01
  +7.38424792069091062707e-01
  +7.18610051264017002381e-01
  +6.95959284893991836363e-01
  +6.70561885181447103754e-01
  +6.42518084055752058958e-01
  +6.11938557583734277223e-01
  +5.78943989181956997214e-01
  +5.43664593334548973402e-01
  +5.06239601696250041130e-01
  +4.66816713608788569356e-01
  +4.25551513199138253807e-01
  +3.82606855360111353104e-01
  +3.38152223036527144195e-01
  +2.92363058353465099515e-01
  +2.45420070226319980700e-01
  +1.97508521185221663785e-01
  +1.48817496228387247115e-01
  +9.95391565899172714449e-02
  +4.98679813670742863585e-02
  +9.72609626736707491205e-17
  -4.98679813670744528920e-02
  -9.95391565899174241006e-02
  -1.48817496228387385893e-01
  -1.97508521185221497252e-01
  -2.45420070226319814166e-01
  -2.92363058353464932981e-01
  -3.38152223036527255218e-01
  -3.82606855360110853503e-01
  -4.25551513199138087273e-01
  -4.66816713608788402823e-01
  -5.06239601696250152152e-01
  -5.43664593334548751358e-01
  -5.78943989181956886192e-01
  -6.11938557583734388245e-01
  -6.42518084055751947936e-01
  -6.70561885181447214777e-01
  -6.95959284893991947385e-01
  -7.18610051264017002381e-01
  -7.38424792069091062707e-01
  -7.55325307583831206948e-01
  -7.69244899198347487079e-01
  -7.80128632647052011606e-01
  -7.87933554808989966567e-01
  -7.92628863224091317896e-01
  -7.94196027656337011358e-01
  -7.92628863224091317896e-01
  -7.87933554808990077589e-01
  -7.80128632647051900584e-01
  -7.69244899198347820146e-01
  -7.55325307583831317970e-01
  -7.38424792069091062707e-01
  -7.18610051264017002381e-01
  -6.95959284893991725340e-01
  -6.70561885181447436821e-01
  -6.42518084055752169981e-01
  -6.11938557583734055179e-01
  -5.78943989181957108237e-01
  -5.43664593334549084425e-01
  -5.06239601696250152152e-01
  -4.66816713608788680379e-01
  -4.25551513199138031762e-01
  -3.82606855360111131059e-01
  -3.38152223036527532773e-01
  -2.92363058353464877470e-01
  -2.45420070226320036211e-01
  -1.97508521185221441741e-01
  -1.48817496228387330381e-01
  -9.95391565899170216447e-02
  -4.98679813670750912702e-02
  -1.94521925347341498241e-16
  +4.98679813670740018638e-02
  +9.95391565899173269560e-02
  +1.48817496228386969559e-01
  +1.97508521185221719296e-01
  +2.45420070226320369278e-01
  +2.92363058353465155026e-01
  +3.38152223036526533573e-01
  +3.82606855360110797992e-01
  +4.25551513199137698695e-01
  +4.66816713608788402823e-01
  +5.06239601696250374196e-01
  +5.43664593334548862380e-01
  +5.78943989181957219259e-01
  +6.11938557583734388245e-01
  +6.42518084055752281003e-01
  +6.70561885181446881710e-01
  +6.95959284893991947385e-01
  +7.18610051264017002381e-01
  +7.38424792069091062707e-01
  +7.55325307583831206948e-01
  +7.69244899198347709124e-01
  +7.80128632647051900584e-01
  +7.87933554808990077589e-01
  +7.92628863224091317896e-01
  +7.94196027656337011358e-01
  +7.92628863224091317896e-01
  +7.87933554808990077589e-01
  +7.80128632647051900584e-01
  +7.69244899198347598102e-01
  +7.55325307583831206948e-01
  +7.38424792069090729640e-01
  +7.18610051264016780337e-01
  +6.95959284893992502496e-01
  +6.70561885181447103754e-01
  +6.42518084055752281003e-01
  +6.11938557583734610290e-01
  +5.78943989181956553125e-01
  +5.43664593334548640335e-01
  +5.06239601696250263174e-01
  +4.66816713608788735890e-01
  +4.25551513199138697896e-01
  +3.82606855360111852704e-01
  +3.38152223036526977662e-01
  +2.92363058353464988492e-01
  +2.45420070226320174989e-01
  +1.97508521185222218897e-01
  +1.48817496228386775270e-01
  +9.95391565899171049114e-02
  +4.98679813670744875864e-02
  +2.91782888021012210384e-16
  -4.98679813670738977804e-02
  -9.95391565899165359221e-02
  -1.48817496228387552426e-01
  -1.97508521185221636030e-01
  -2.45420070226319619877e-01
  -2.92363058353465710137e-01
  -3.38152223036527754818e-01
  -3.82606855360110076347e-01
  -4.25551513199138142785e-01
  -4.66816713608788236289e-01
  -5.06239601696249708063e-01
  -5.43664593334548196246e-01
  -5.78943989181957219259e-01
  -6.11938557583734277223e-01
  -6.42518084055751836914e-01
  -6.70561885181447547843e-01
  -6.95959284893991392273e-01
  -7.18610051264016669315e-01
  -7.38424792069091062707e-01
  -7.55325307583831095926e-01
  -7.69244899198347487079e-01
  -7.80128632647052122628e-01
  -7.87933554808990077589e-01
  -7.92628863224091317896e-01
  -7.94196027656337011358e-01
  -7.92628863224091317896e-01
  -7.87933554808990188612e-01
  -7.80128632647051900584e-01
  -7.69244899198347709124e-01
  -7.55325307583831317970e-01
  -7.38424792069091284752e-01
  -7.18610051264016780337e-01
  -6.95959284893991836363e-01
  -6.70561885181447103754e-01
  -6.42518084055752169981e-01
  -6.11938557583734610290e-01
  -5.78943989181957552326e-01
  -5.43664593334548862380e-01
  -5.06239601696250263174e-01
  -4.66816713608788791401e-01
  -4.25551513199137532162e-01
  -3.82606855360110686970e-01
  -3.38152223036528365441e-01
  -2.92363058353465044004e-01
  -2.45420070226320313767e-01
  -1.97508521185220942140e-01
  -1.48817496228388218560e-01
  -9.95391565899186175903e-02
  -4.98679813670759863875e-02
  -3.89043850694682996482e-16
  +4.98679813670738006359e-02
  +9.95391565899164248998e-02
  +1.48817496228387496915e-01
  +1.97508521185221552763e-01
  +2.45420070226319536610e-01
  +2.92363058353464322359e-01
  +3.38152223036527699307e-01
  +3.82606855360111242081e-01
  +4.25551513199138087273e-01
  +4.66816713608789402024e-01
  +5.06239601696250818286e-01
  +5.43664593334549195447e-01
  +5.78943989181957108237e-01
  +6.11938557583733389045e-01
  +6.42518084055751725892e-01
  +6.70561885181446659665e-01
  +6.95959284893991503296e-01
  +7.18610051264016558292e-01
  +7.38424792069091062707e-01
  +7.55325307583831095926e-01
  +7.69244899198347487079e-01
  +7.80128632647052122628e-01
  +7.87933554808990077589e-01
  +7.92628863224091317896e-01
  +7.94196027656337011358e-01
  +7.92628863224091317896e-01
  +7.87933554808989966567e-01
  +7.80128632647051900584e-01
  +7.69244899198347376057e-01
  +7.55325307583830984903e-01
  +7.38424792069091284752e-01
  +7.18610051264017446471e-01
  +6.95959284893992502496e-01
  +6.70561885181447103754e-01
  +6.42518084055752281003e-01
  +6.11938557583734721312e-01
  +5.78943989181957663348e-01
  +5.43664593334548862380e-01
  +5.06239601696250374196e-01
  +4.66816713608788846912e-01
  +4.25551513199137587673e-01
  +3.82606855360110797992e-01
  +3.38152223036527144195e-01
  +2.92363058353465155026e-01
  +2.45420070226319009254e-01
  +1.97508521185221025407e-01
  +1.48817496228386941803e-01
  +9.95391565899187008570e-02
  +4.98679813670760835320e-02
  +4.86304813368353782580e-16
  -4.98679813670737034914e-02
  -9.95391565899163416331e-02
  -1.48817496228385970358e-01
  -1.97508521185221441741e-01
  -2.45420070226320785611e-01
  -2.92363058353465543604e-01
  -3.38152223036527532773e-01
  -3.82606855360111131059e-01
  -4.25551513199138087273e-01
  -4.66816713608788125267e-01
  -5.06239601696249597040e-01
  -5.43664593334550083625e-01
  -5.78943989181958107437e-01
  -6.11938557583735054379e-01
  -6.42518084055750837713e-01
  -6.70561885181445993531e-01
  -6.95959284893992058407e-01
  -7.18610051264017002381e-01
  -7.38424792069091062707e-01
  -7.55325307583831095926e-01
  -7.69244899198347487079e-01
  -7.80128632647051789561e-01
  -7.87933554808989855545e-01
  -7.92628863224091428918e-01
  -7.94196027656337011358e-01
  -7.92628863224091317896e-01
  -7.87933554808989966567e-01
  -7.80128632647052011606e-01
  -7.69244899198347709124e-01
  -7.55325307583831317970e-01
  -7.38424792069090174529e-01
  -7.18610051264017446471e-01
  -6.95959284893992613519e-01
  -6.70561885181447991933e-01
  -6.42518084055753280204e-01
  -6.11938557583734055179e-01
  -5.78943989181956886192e-01
  -5.43664593334548862380e-01
  -5.06239601696250374196e-01
  -4.66816713608788957934e-01
  -4.25551513199138975452e-01
  -3.82606855360112130260e-01
  -3.38152223036525978461e-01
  -2.92363058353463933781e-01
  -2.45420070226319120277e-01
  -1.97508521185221108674e-01
  -1.48817496228387052826e-01
  -9.95391565899173963450e-02
  -4.98679813670747720811e-02
  -5.83565776042024420767e-16
  +4.98679813670736202247e-02
  +9.95391565899162583664e-02
  +1.48817496228385887092e-01
  +1.97508521185219998451e-01
  +2.45420070226320674589e-01
  +2.92363058353465488093e-01
  +3.38152223036527477262e-01
  +3.82606855360111020037e-01
  +4.25551513199138031762e-01
  +4.66816713608787958734e-01
  +5.06239601696249597040e-01
  +5.43664593334550083625e-01
  +5.78943989181957885393e-01
  +6.11938557583735054379e-01
  +6.42518084055752503048e-01
  +6.70561885181445882509e-01
  +6.95959284893990726140e-01
  +7.18610051264016891359e-01
  +7.38424792069090840663e-01
  +7.55325307583830984903e-01
  +7.69244899198347487079e-01
  +7.80128632647051789561e-01
  +7.87933554808989744522e-01
  +7.92628863224091317896e-01
  +7.94196027656337011358e-01
  +7.92628863224091317896e-01
  +7.87933554808989966567e-01
  +7.80128632647052011606e-01
  +7.69244899198347709124e-01
  +7.55325307583831540015e-01
  +7.38424792069090285551e-01
  +7.18610051264016336248e-01
  +6.95959284893992613519e-01
  +6.70561885181447991933e-01
  +6.42518084055753280204e-01
  +6.11938557583735720513e-01
  +5.78943989181956886192e-01
  +5.43664593334548973402e-01
  +5.06239601696250485219e-01
  +4.66816713608789068957e-01
  +4.25551513199138975452e-01
  +3.82606855360112185771e-01
  +3.38152223036528642997e-01
  +2.92363058353463989292e-01
  +2.45420070226319203543e-01
  +1.97508521185221219696e-01
  +1.48817496228387108337e-01
  +9.95391565899175073673e-02
  +4.98679813670748692256e-02
  +6.80826738715695157562e-16
  -4.98679813670735230802e-02
  -9.95391565899161473441e-02
  -1.48817496228385803825e-01
  -1.97508521185219887428e-01
  -2.45420070226317899031e-01
  -2.92363058353465321559e-01
  -3.38152223036527366240e-01
  -3.82606855360111020037e-01
  -4.25551513199137865229e-01
  -4.66816713608787958734e-01
  -5.06239601696249486018e-01
  -5.43664593334547974202e-01
  -5.78943989181957885393e-01
  -6.11938557583734943357e-01
  -6.42518084055752281003e-01
  -6.70561885181447325799e-01
  -6.95959284893990615117e-01
  -7.18610051264016891359e-01
  -7.38424792069090840663e-01
  -7.55325307583830984903e-01
  -7.69244899198347487079e-01
  -7.80128632647051789561e-01
  -7.87933554808989744522e-01
  -7.92628863224091317896e-01
  -7.94196027656337011358e-01
  -7.92628863224091317896e-01
  -7.87933554808989966567e-01
  -7.80128632647052011606e-01
  -7.69244899198347820146e-01
  -7.55325307583831428992e-01
  -7.38424792069091395774e-01
  -7.18610051264016336248e-01
  -6.95959284893991281251e-01
  -6.70561885181446548643e-01
  -6.42518084055753280204e-01
  -6.11938557583735720513e-01
  -5.78943989181956997214e-01
  -5.43664593334548973402e-01
  -5.06239601696250596241e-01
  -4.66816713608789124468e-01
  -4.25551513199139086474e-01
  -3.82606855360109743280e-01
  -3.38152223036528698508e-01
  -2.92363058353466709338e-01
  -2.45420070226319342321e-01
  -1.97508521185224050765e-01
  -1.48817496228387247115e-01
  -9.95391565899203939471e-02
  -4.98679813670749733090e-02
  -7.78087701389365992964e-16
  +4.98679813670762292488e-02
  +9.95391565899160501996e-02
  +1.48817496228388468360e-01
  +1.97508521185219804162e-01
  +2.45420070226320508056e-01
  +2.92363058353465321559e-01
  +3.38152223036527310729e-01
  +3.82606855360110909015e-01
  +4.25551513199140196697e-01
  +4.66816713608788014245e-01
  +5.06239601696249374996e-01
  +5.43664593334547863179e-01
  +5.78943989181955775969e-01
  +6.11938557583734832335e-01
  +6.42518084055750726691e-01
  +6.70561885181447214777e-01
  +6.95959284893990615117e-01
  +7.18610051264016891359e-01
  +7.38424792069090729640e-01
  +7.55325307583831762059e-01
  +7.69244899198347376057e-01
  +7.80128632647052233651e-01
  +7.87933554808989744522e-01
  +7.92628863224091428918e-01
  +7.94196027656337011358e-01
  +7.92628863224091317896e-01
  +7.87933554808990077589e-01
  +7.80128632647052455695e-01
  +7.69244899198347820146e-01
  +7.55325307583831428992e-01
  +7.38424792069091395774e-01
  +7.18610051264017557493e-01
  +6.95959284893991392273e-01
  +6.70561885181448213977e-01
  +6.42518084055751614869e-01
  +6.11938557583735831535e-01
  +5.78943989181956997214e-01
  +5.43664593334549084425e-01
  +5.06239601696248486817e-01
  +4.66816713608789235490e-01
  +4.25551513199136810517e-01
  +3.82606855360112296793e-01
  +3.38152223036526256017e-01
  +2.92363058353464211336e-01
  +2.45420070226322090123e-01
  +1.97508521185221386229e-01
  +1.48817496228390105939e-01
  +9.95391565899176877785e-02
  +4.98679813670750773924e-02
  +8.75348664063036729758e-16
  -4.98679813670733149134e-02
  -9.95391565899187702460e-02
  -1.48817496228385581780e-01
  -1.97508521185222413186e-01
  -2.45420070226317732498e-01
  -2.92363058353465210537e-01
  -3.38152223036527199707e-01
  -3.82606855360113351505e-01
  -4.25551513199137698695e-01
  -4.66816713608790123669e-01
  -5.06239601696249263973e-01
  -5.43664593334547752157e-01
  -5.78943989181957774370e-01
  -6.11938557583732944956e-01
  -6.42518084055752281003e-01
  -6.70561885181445660464e-01
  -6.95959284893991947385e-01
  -7.18610051264017002381e-01
  -7.38424792069090729640e-01
  -7.55325307583830873881e-01
  -7.69244899198348042191e-01
  -7.80128632647051678539e-01
  -7.87933554808990188612e-01
  -7.92628863224091317896e-01
  -7.94196027656337011358e-01
  -7.92628863224091317896e-01
  -7.87933554808989633500e-01
  -7.80128632647052011606e-01
  -7.69244899198348486280e-01
  -7.55325307583831540015e-01
  -7.38424792069091506796e-01
  -7.18610051264016558292e-01
  -6.95959284893992835563e-01
  -6.70561885181446659665e-01
  -6.42518084055753391226e-01
  -6.11938557583734055179e-01
  -5.78943989181957108237e-01
  -5.43664593334549195447e-01
  -5.06239601696250707263e-01
  -4.66816713608787070555e-01
  -4.25551513199139308519e-01
  -3.82606855360109965325e-01
  -3.38152223036528920552e-01
  -2.92363058353464266848e-01
  -2.45420070226319481099e-01
  -1.97508521185224245054e-01
  -1.48817496228387385893e-01
  -9.95391565899206021140e-02
  -4.98679813670751745369e-02
  -9.72609626736707565160e-16
</dep>
<dep _net0.Vt time>
  +0.00000000000000000000e+00
  +3.13952098962219997014e-02
  +6.26665172393902764059e-02
  +9.36905084633173762532e-02
  +1.24344746045737447604e-01
  +1.54508251713355304613e-01
  +1.84061983887897462342e-01
  +2.12889307488899892640e-01
  +2.40876454239134729640e-01
  +2.67912971656057541381e-01
  +2.93892158957310856149e-01
  +3.18711488159962641475e-01
  +3.42273008711594939335e-01
  +3.64483734056346597718e-01
  +3.85256008610315003882e-01
  +4.04507853698031882850e-01
  +4.22163291084763858674e-01
  +4.38152642827805416381e-01
  +4.52412806263391087391e-01
  +4.64887503043984462447e-01
  +4.75527501243108496887e-01
  +4.84290809651175935269e-01
  +4.91142843495525838193e-01
  +4.96056560930647649776e-01
  +4.99012569759930801894e-01
  +4.99999203967762095857e-01
  +4.99012569759930801894e-01
  +4.96056560930647649776e-01
  +4.91142843495525893704e-01
  +4.84290809651175990780e-01
  +4.75527501243108607909e-01
  +4.64887503043984462447e-01
  +4.52412806263391087391e-01
  +4.38152642827805360870e-01
  +4.22163291084763914185e-01
  +4.04507853698031882850e-01
  +3.85256008610314892859e-01
  +3.64483734056346486696e-01
  +3.42273008711594994846e-01
  +3.18711488159962585964e-01
  +2.93892158957310856149e-01
  +2.67912971656057541381e-01
  +2.40876454239134868418e-01
  +2.12889307488899809373e-01
  +1.84061983887897517853e-01
  +1.54508251713355360124e-01
  +1.24344746045737447604e-01
  +9.36905084633173484976e-02
  +6.26665172393901931391e-02
  +3.13952098962218748013e-02
  +6.12322426964049814058e-17
  -3.13952098962219788847e-02
  -6.26665172393902902837e-02
  -9.36905084633174317643e-02
  -1.24344746045737350459e-01
  -1.54508251713355249102e-01
  -1.84061983887897434586e-01
  -2.12889307488899892640e-01
  -2.40876454239134563107e-01
  -2.67912971656057430359e-01
  -2.93892158957310745127e-01
  -3.18711488159962641475e-01
  -3.42273008711594828313e-01
  -3.64483734056346431185e-01
  -3.85256008610315003882e-01
  -4.04507853698031827339e-01
  -4.22163291084763969696e-01
  -4.38152642827805416381e-01
  -4.52412806263391087391e-01
  -4.64887503043984462447e-01
  -4.75527501243108496887e-01
  -4.84290809651175879758e-01
  -4.91142843495525893704e-01
  -4.96056560930647594265e-01
  -4.99012569759930801894e-01
  -4.99999203967762095857e-01
  -4.99012569759930801894e-01
  -4.96056560930647649776e-01
  -4.91142843495525838193e-01
  -4.84290809651176101802e-01
  -4.75527501243108607909e-01
  -4.64887503043984462447e-01
  -4.52412806263391087391e-01
  -4.38152642827805305359e-01
  -4.22163291084764136230e-01
  -4.04507853698031993872e-01
  -3.85256008610314781837e-01
  -3.64483734056346597718e-01
  -3.42273008711595050357e-01
  -3.18711488159962641475e-01
  -2.93892158957310911660e-01
  -2.67912971656057430359e-01
  -2.40876454239134729640e-01
  -2.12889307488900059173e-01
  -1.84061983887897379075e-01
  -1.54508251713355387880e-01
  -1.24344746045737308826e-01
  -9.36905084633173901310e-02
  -6.26665172393900404835e-02
  -3.13952098962223813405e-02
  -1.22464485392809962812e-16
  +3.13952098962216943900e-02
  +6.26665172393902347725e-02
  +9.36905084633171680863e-02
  +1.24344746045737489237e-01
  +1.54508251713355609924e-01
  +1.84061983887897573364e-01
  +2.12889307488899420795e-01
  +2.40876454239134535351e-01
  +2.67912971656057208314e-01
  +2.93892158957310745127e-01
  +3.18711488159962752498e-01
  +3.42273008711594939335e-01
  +3.64483734056346653229e-01
  +3.85256008610315003882e-01
  +4.04507853698032049383e-01
  +4.22163291084763803163e-01
  +4.38152642827805416381e-01
  +4.52412806263391087391e-01
  +4.64887503043984462447e-01
  +4.75527501243108496887e-01
  +4.84290809651175990780e-01
  +4.91142843495525838193e-01
  +4.96056560930647649776e-01
  +4.99012569759930801894e-01
  +4.99999203967762095857e-01
  +4.99012569759930801894e-01
  +4.96056560930647649776e-01
  +4.91142843495525838193e-01
  +4.84290809651175935269e-01
  +4.75527501243108496887e-01
  +4.64887503043984295914e-01
  +4.52412806263390976369e-01
  +4.38152642827805804959e-01
  +4.22163291084763914185e-01
  +4.04507853698032049383e-01
  +3.85256008610315114904e-01
  +3.64483734056346209140e-01
  +3.42273008711594772802e-01
  +3.18711488159962696987e-01
  +2.93892158957310967171e-01
  +2.67912971656057818937e-01
  +2.40876454239135201485e-01
  +2.12889307488899698351e-01
  +1.84061983887897462342e-01
  +1.54508251713355471146e-01
  +1.24344746045737794549e-01
  +9.36905084633170431863e-02
  +6.26665172393900821168e-02
  +3.13952098962219997014e-02
  +1.83696728089214931892e-16
  -3.13952098962216319400e-02
  -6.26665172393897351721e-02
  -9.36905084633175427866e-02
  -1.24344746045737433726e-01
  -1.54508251713355138079e-01
  -1.84061983887897906431e-01
  -2.12889307488900197951e-01
  -2.40876454239134063506e-01
  -2.67912971656057485870e-01
  -2.93892158957310634104e-01
  -3.18711488159962363920e-01
  -3.42273008711594495246e-01
  -3.64483734056346653229e-01
  -3.85256008610314892859e-01
  -4.04507853698031771827e-01
  -4.22163291084764191741e-01
  -4.38152642827805083314e-01
  -4.52412806263390865347e-01
  -4.64887503043984462447e-01
  -4.75527501243108441376e-01
  -4.84290809651175879758e-01
  -4.91142843495525949216e-01
  -4.96056560930647649776e-01
  -4.99012569759930801894e-01
  -4.99999203967762095857e-01
  -4.99012569759930801894e-01
  -4.96056560930647705288e-01
  -4.91142843495525838193e-01
  -4.84290809651175990780e-01
  -4.75527501243108607909e-01
  -4.64887503043984628981e-01
  -4.52412806263390976369e-01
  -4.38152642827805360870e-01
  -4.22163291084763914185e-01
  -4.04507853698031993872e-01
  -3.85256008610315114904e-01
  -3.64483734056346875274e-01
  -3.42273008711594939335e-01
  -3.18711488159962696987e-01
  -2.93892158957311022682e-01
  -2.67912971656057097292e-01
  -2.40876454239134452084e-01
  -2.12889307488900586529e-01
  -1.84061983887897490098e-01
  -1.54508251713355582169e-01
  -1.24344746045737003515e-01
  -9.36905084633179591203e-02
  -6.26665172393910396842e-02
  -3.13952098962229433909e-02
  -2.44928970785619925623e-16
  +3.13952098962215694899e-02
  +6.26665172393896657832e-02
  +9.36905084633175011533e-02
  +1.24344746045737378215e-01
  +1.54508251713355082568e-01
  +1.84061983887897046008e-01
  +2.12889307488900170195e-01
  +2.40876454239134812907e-01
  +2.67912971656057430359e-01
  +2.93892158957311411260e-01
  +3.18711488159963030053e-01
  +3.42273008711595105868e-01
  +3.64483734056346597718e-01
  +3.85256008610314337748e-01
  +4.04507853698031716316e-01
  +4.22163291084763636629e-01
  +4.38152642827805138825e-01
  +4.52412806263390809836e-01
  +4.64887503043984462447e-01
  +4.75527501243108441376e-01
  +4.84290809651175879758e-01
  +4.91142843495525949216e-01
  +4.96056560930647649776e-01
  +4.99012569759930801894e-01
  +4.99999203967762095857e-01
  +4.99012569759930801894e-01
  +4.96056560930647594265e-01
  +4.91142843495525838193e-01
  +4.84290809651175824246e-01
  +4.75527501243108385864e-01
  +4.64887503043984628981e-01
  +4.52412806263391364947e-01
  +4.38152642827805804959e-01
  +4.22163291084763914185e-01
  +4.04507853698032049383e-01
  +3.85256008610315170415e-01
  +3.64483734056346930785e-01
  +3.42273008711594939335e-01
  +3.18711488159962752498e-01
  +2.93892158957311022682e-01
  +2.67912971656057152803e-01
  +2.40876454239134535351e-01
  +2.12889307488899809373e-01
  +1.84061983887897573364e-01
  +1.54508251713354749501e-01
  +1.24344746045737045148e-01
  +9.36905084633171542086e-02
  +6.26665172393910951953e-02
  +3.13952098962230058410e-02
  +3.06161213482024944007e-16
  -3.13952098962215070399e-02
  -6.26665172393896102720e-02
  -9.36905084633165435859e-02
  -1.24344746045737308826e-01
  -1.54508251713355859724e-01
  -1.84061983887897795409e-01
  -2.12889307488900059173e-01
  -2.40876454239134729640e-01
  -2.67912971656057430359e-01
  -2.93892158957310578593e-01
  -3.18711488159962308409e-01
  -3.42273008711595660980e-01
  -3.64483734056347208341e-01
  -3.85256008610315392460e-01
  -4.04507853698031161205e-01
  -4.22163291084763248051e-01
  -4.38152642827805527403e-01
  -4.52412806263391087391e-01
  -4.64887503043984462447e-01
  -4.75527501243108441376e-01
  -4.84290809651175879758e-01
  -4.91142843495525782682e-01
  -4.96056560930647483243e-01
  -4.99012569759930912916e-01
  -4.99999203967762095857e-01
  -4.99012569759930801894e-01
  -4.96056560930647594265e-01
  -4.91142843495525893704e-01
  -4.84290809651175990780e-01
  -4.75527501243108607909e-01
  -4.64887503043983907336e-01
  -4.52412806263391364947e-01
  -4.38152642827805860470e-01
  -4.22163291084764469296e-01
  -4.04507853698032660006e-01
  -3.85256008610314781837e-01
  -3.64483734056346431185e-01
  -3.42273008711594939335e-01
  -3.18711488159962752498e-01
  -2.93892158957311078193e-01
  -2.67912971656057985470e-01
  -2.40876454239135368018e-01
  -2.12889307488899087728e-01
  -1.84061983887896796208e-01
  -1.54508251713354832768e-01
  -1.24344746045737100659e-01
  -9.36905084633172235975e-02
  -6.26665172393902764059e-02
  -3.13952098962221801126e-02
  -3.67393456178429863783e-16
  +3.13952098962214584676e-02
  +6.26665172393895547609e-02
  +9.36905084633164880747e-02
  +1.24344746045736406770e-01
  +1.54508251713355804213e-01
  +1.84061983887897767653e-01
  +2.12889307488900031418e-01
  +2.40876454239134674129e-01
  +2.67912971656057430359e-01
  +2.93892158957310467571e-01
  +3.18711488159962308409e-01
  +3.42273008711595660980e-01
  +3.64483734056347041808e-01
  +3.85256008610315392460e-01
  +4.04507853698032160406e-01
  +4.22163291084763137029e-01
  +4.38152642827804639225e-01
  +4.52412806263391031880e-01
  +4.64887503043984351425e-01
  +4.75527501243108385864e-01
  +4.84290809651175879758e-01
  +4.91142843495525782682e-01
  +4.96056560930647427732e-01
  +4.99012569759930801894e-01
  +4.99999203967762095857e-01
  +4.99012569759930801894e-01
  +4.96056560930647594265e-01
  +4.91142843495525893704e-01
  +4.84290809651175990780e-01
  +4.75527501243108718931e-01
  +4.64887503043984018358e-01
  +4.52412806263390698813e-01
  +4.38152642827805860470e-01
  +4.22163291084764469296e-01
  +4.04507853698032660006e-01
  +3.85256008610315836549e-01
  +3.64483734056346431185e-01
  +3.42273008711594994846e-01
  +3.18711488159962863520e-01
  +2.93892158957311189216e-01
  +2.67912971656057985470e-01
  +2.40876454239135395774e-01
  +2.12889307488900753063e-01
  +1.84061983887896823964e-01
  +1.54508251713354860524e-01
  +1.24344746045737170048e-01
  +9.36905084633172513531e-02
  +6.26665172393903457948e-02
  +3.13952098962222425627e-02
  +4.28625698874834832863e-16
  -3.13952098962213960176e-02
  -6.26665172393894853720e-02
  -9.36905084633164325636e-02
  -1.24344746045736337381e-01
  -1.54508251713354055612e-01
  -1.84061983887897656631e-01
  -2.12889307488899948151e-01
  -2.40876454239134674129e-01
  -2.67912971656057319336e-01
  -2.93892158957310467571e-01
  -3.18711488159962197386e-01
  -3.42273008711594384224e-01
  -3.64483734056347041808e-01
  -3.85256008610315336949e-01
  -4.04507853698032049383e-01
  -4.22163291084764080718e-01
  -4.38152642827804583714e-01
  -4.52412806263391031880e-01
  -4.64887503043984351425e-01
  -4.75527501243108385864e-01
  -4.84290809651175879758e-01
  -4.91142843495525782682e-01
  -4.96056560930647427732e-01
  -4.99012569759930801894e-01
  -4.99999203967762095857e-01
  -4.99012569759930801894e-01
  -4.96056560930647594265e-01
  -4.91142843495525893704e-01
  -4.84290809651176101802e-01
  -4.75527501243108663420e-01
  -4.64887503043984684492e-01
  -4.52412806263390698813e-01
  -4.38152642827805027803e-01
  -4.22163291084763581118e-01
  -4.04507853698032660006e-01
  -3.85256008610315836549e-01
  -3.64483734056346486696e-01
  -3.42273008711594994846e-01
  -3.18711488159962919031e-01
  -2.93892158957311189216e-01
  -2.67912971656058096492e-01
  -2.40876454239133869217e-01
  -2.12889307488900780818e-01
  -1.84061983887898544809e-01
  -1.54508251713354971546e-01
  -1.24344746045738960283e-01
  -9.36905084633173484976e-02
  -6.26665172393921637850e-02
  -3.13952098962223119516e-02
  -4.89857941571239851247e-16
  +3.13952098962230960466e-02
  +6.26665172393894298608e-02
  +9.36905084633181117759e-02
  +1.24344746045736281870e-01
  +1.54508251713355693191e-01
  +1.84061983887897656631e-01
  +2.12889307488899920395e-01
  +2.40876454239134590862e-01
  +2.67912971656058762626e-01
  +2.93892158957310523082e-01
  +3.18711488159962141875e-01
  +3.42273008711594273201e-01
  +3.64483734056345765051e-01
  +3.85256008610315281437e-01
  +4.04507853698031050182e-01
  +4.22163291084763969696e-01
  +4.38152642827804583714e-01
  +4.52412806263391031880e-01
  +4.64887503043984295914e-01
  +4.75527501243108885465e-01
  +4.84290809651175824246e-01
  +4.91142843495526060238e-01
  +4.96056560930647427732e-01
  +4.99012569759930912916e-01
  +4.99999203967762095857e-01
  +4.99012569759930801894e-01
  +4.96056560930647649776e-01
  +4.91142843495526171260e-01
  +4.84290809651176101802e-01
  +4.75527501243108663420e-01
  +4.64887503043984684492e-01
  +4.52412806263391475969e-01
  +4.38152642827805083314e-01
  +4.22163291084764635830e-01
  +4.04507853698031605294e-01
  +3.85256008610315892060e-01
  +3.64483734056346486696e-01
  +3.42273008711595050357e-01
  +3.18711488159961586764e-01
  +2.93892158957311300238e-01
  +2.67912971656056653202e-01
  +2.40876454239135479041e-01
  +2.12889307488899254261e-01
  +1.84061983887896962742e-01
  +1.54508251713356692392e-01
  +1.24344746045737281070e-01
  +9.36905084633191387322e-02
  +6.26665172393904568171e-02
  +3.13952098962223744016e-02
  +5.51090184267644918934e-16
  -3.13952098962212641786e-02
  -6.26665172393911368287e-02
  -9.36905084633162937857e-02
  -1.24344746045737919449e-01
  -1.54508251713353944590e-01
  -1.84061983887897601120e-01
  -2.12889307488899837129e-01
  -2.40876454239136145175e-01
  -2.67912971656057208314e-01
  -2.93892158957311855350e-01
  -3.18711488159962086364e-01
  -3.42273008711594217690e-01
  -3.64483734056346986296e-01
  -3.85256008610314060192e-01
  -4.04507853698032049383e-01
  -4.22163291084763026006e-01
  -4.38152642827805416381e-01
  -4.52412806263391087391e-01
  -4.64887503043984295914e-01
  -4.75527501243108330353e-01
  -4.84290809651176212824e-01
  -4.91142843495525671660e-01
  -4.96056560930647705288e-01
  -4.99012569759930801894e-01
  -4.99999203967762095857e-01
  -4.99012569759930801894e-01
  -4.96056560930647372221e-01
  -4.91142843495525893704e-01
  -4.84290809651176490380e-01
  -4.75527501243108718931e-01
  -4.64887503043984740003e-01
  -4.52412806263390809836e-01
  -4.38152642827805971493e-01
  -4.22163291084763636629e-01
  -4.04507853698032715517e-01
  -3.85256008610314781837e-01
  -3.64483734056346597718e-01
  -3.42273008711595105868e-01
  -3.18711488159962974542e-01
  -2.93892158957309912459e-01
  -2.67912971656058207515e-01
  -2.40876454239134007995e-01
  -2.12889307488900919596e-01
  -1.84061983887896990497e-01
  -1.54508251713355054813e-01
  -1.24344746045739071305e-01
  -9.36905084633174317643e-02
  -6.26665172393922886851e-02
  -3.13952098962224368517e-02
  -6.12322426964049888014e-16
</dep>
<dep V_i.Vt time>
  +0.00000000000000000000e+00
  +3.13952597646566869405e-02
  +6.26666167821521291614e-02
  +9.36906572928623143648e-02
  +1.24344943582427397422e-01
  +1.54508497187473697876e-01
  +1.84062276342338987378e-01
  +2.12889645782536329754e-01
  +2.40876837050857661726e-01
  +2.67913397489498328330e-01
  +2.93892626146236568552e-01
  +3.18711994874344817230e-01
  +3.42273552964344363048e-01
  +3.64484313710705776224e-01
  +3.85256621387894626629e-01
  +4.04508497187473725631e-01
  +4.22163962751007537655e-01
  +4.38153340021931791970e-01
  +4.52413526233009788413e-01
  +4.64888242944125673617e-01
  +4.75528258147576765591e-01
  +4.84291580564315538027e-01
  +4.91143625364344305062e-01
  +4.96057350657238937952e-01
  +4.99013364214135779484e-01
  +5.00000000000000000000e-01
  +4.99013364214135779484e-01
  +4.96057350657238937952e-01
  +4.91143625364344360573e-01
  +4.84291580564315593538e-01
  +4.75528258147576821102e-01
  +4.64888242944125729128e-01
  +4.52413526233009732902e-01
  +4.38153340021931736459e-01
  +4.22163962751007593166e-01
  +4.04508497187473725631e-01
  +3.85256621387894626629e-01
  +3.64484313710705720712e-01
  +3.42273552964344418559e-01
  +3.18711994874344761719e-01
  +2.93892626146236624063e-01
  +2.67913397489498328330e-01
  +2.40876837050857800504e-01
  +2.12889645782536246488e-01
  +1.84062276342339070645e-01
  +1.54508497187473753387e-01
  +1.24344943582427411299e-01
  +9.36906572928622866092e-02
  +6.26666167821520458947e-02
  +3.13952597646565689793e-02
  +6.12323399573676603587e-17
  -3.13952597646566730627e-02
  -6.26666167821521430392e-02
  -9.36906572928623837537e-02
  -1.24344943582427286399e-01
  -1.54508497187473642365e-01
  -1.84062276342338959623e-01
  -2.12889645782536329754e-01
  -2.40876837050857495193e-01
  -2.67913397489498217308e-01
  -2.93892626146236513041e-01
  -3.18711994874344817230e-01
  -3.42273552964344196514e-01
  -3.64484313710705665201e-01
  -3.85256621387894682140e-01
  -4.04508497187473670120e-01
  -4.22163962751007648677e-01
  -4.38153340021931791970e-01
  -4.52413526233009677391e-01
  -4.64888242944125729128e-01
  -4.75528258147576765591e-01
  -4.84291580564315482516e-01
  -4.91143625364344360573e-01
  -4.96057350657238882441e-01
  -4.99013364214135779484e-01
  -5.00000000000000000000e-01
  -4.99013364214135779484e-01
  -4.96057350657238937952e-01
  -4.91143625364344305062e-01
  -4.84291580564315649049e-01
  -4.75528258147576821102e-01
  -4.64888242944125784639e-01
  -4.52413526233009788413e-01
  -4.38153340021931680948e-01
  -4.22163962751007759699e-01
  -4.04508497187473781143e-01
  -3.85256621387894515607e-01
  -3.64484313710705776224e-01
  -3.42273552964344474070e-01
  -3.18711994874344817230e-01
  -2.93892626146236679574e-01
  -2.67913397489498161796e-01
  -2.40876837050857661726e-01
  -2.12889645782536496288e-01
  -1.84062276342338931867e-01
  -1.54508497187473808898e-01
  -1.24344943582427244766e-01
  -9.36906572928623421204e-02
  -6.26666167821518932390e-02
  -3.13952597646570755185e-02
  -1.22464679914735320717e-16
  +3.13952597646563885680e-02
  +6.26666167821520875281e-02
  +9.36906572928621061980e-02
  +1.24344943582427439055e-01
  +1.54508497187474003187e-01
  +1.84062276342339098401e-01
  +2.12889645782535885665e-01
  +2.40876837050857439682e-01
  +2.67913397489497995263e-01
  +2.93892626146236457529e-01
  +3.18711994874344928252e-01
  +3.42273552964344307536e-01
  +3.64484313710705887246e-01
  +3.85256621387894626629e-01
  +4.04508497187473892165e-01
  +4.22163962751007371121e-01
  +4.38153340021931791970e-01
  +4.52413526233009677391e-01
  +4.64888242944125729128e-01
  +4.75528258147576765591e-01
  +4.84291580564315593538e-01
  +4.91143625364344305062e-01
  +4.96057350657238937952e-01
  +4.99013364214135779484e-01
  +5.00000000000000000000e-01
  +4.99013364214135779484e-01
  +4.96057350657238937952e-01
  +4.91143625364344305062e-01
  +4.84291580564315538027e-01
  +4.75528258147576821102e-01
  +4.64888242944125507083e-01
  +4.52413526233009621880e-01
  +4.38153340021932125037e-01
  +4.22163962751007537655e-01
  +4.04508497187473836654e-01
  +3.85256621387894848674e-01
  +3.64484313710705498668e-01
  +3.42273552964344196514e-01
  +3.18711994874344872741e-01
  +2.93892626146236679574e-01
  +2.67913397489498605886e-01
  +2.40876837050858105815e-01
  +2.12889645782536163221e-01
  +1.84062276342338987378e-01
  +1.54508497187473892165e-01
  +1.24344943582427744366e-01
  +9.36906572928619674201e-02
  +6.26666167821519487502e-02
  +3.13952597646566938794e-02
  +1.83697019872102968750e-16
  -3.13952597646563261180e-02
  -6.26666167821515879277e-02
  -9.36906572928624808982e-02
  -1.24344943582427383544e-01
  -1.54508497187473531342e-01
  -1.84062276342339459223e-01
  -2.12889645782536635066e-01
  -2.40876837050856995592e-01
  -2.67913397489498272819e-01
  -2.93892626146236402018e-01
  -3.18711994874344539674e-01
  -3.42273552964343918958e-01
  -3.64484313710705887246e-01
  -3.85256621387894626629e-01
  -4.04508497187473614609e-01
  -4.22163962751007815211e-01
  -4.38153340021931514414e-01
  -4.52413526233009455346e-01
  -4.64888242944125673617e-01
  -4.75528258147576710080e-01
  -4.84291580564315482516e-01
  -4.91143625364344416084e-01
  -4.96057350657238937952e-01
  -4.99013364214135779484e-01
  -5.00000000000000000000e-01
  -4.99013364214135779484e-01
  -4.96057350657238993463e-01
  -4.91143625364344305062e-01
  -4.84291580564315593538e-01
  -4.75528258147576876613e-01
  -4.64888242944125840150e-01
  -4.52413526233009621880e-01
  -4.38153340021931736459e-01
  -4.22163962751007537655e-01
  -4.04508497187473836654e-01
  -3.85256621387894848674e-01
  -3.64484313710706164802e-01
  -3.42273552964344252025e-01
  -3.18711994874344872741e-01
  -2.93892626146236735085e-01
  -2.67913397489497884241e-01
  -2.40876837050857384170e-01
  -2.12889645782537023644e-01
  -1.84062276342339042889e-01
  -1.54508497187473947676e-01
  -1.24344943582426939455e-01
  -9.36906572928628972319e-02
  -6.26666167821528924398e-02
  -3.13952597646576375690e-02
  -2.44929359829470641435e-16
  +3.13952597646562636680e-02
  +6.26666167821515185388e-02
  +9.36906572928624253871e-02
  +1.24344943582427328033e-01
  +1.54508497187473475831e-01
  +1.84062276342338571045e-01
  +2.12889645782536579555e-01
  +2.40876837050857717237e-01
  +2.67913397489498217308e-01
  +2.93892626146237068152e-01
  +3.18711994874345205808e-01
  +3.42273552964344529581e-01
  +3.64484313710705831735e-01
  +3.85256621387894016006e-01
  +4.04508497187473559098e-01
  +4.22163962751007315610e-01
  +4.38153340021931514414e-01
  +4.52413526233009399835e-01
  +4.64888242944125673617e-01
  +4.75528258147576710080e-01
  +4.84291580564315427004e-01
  +4.91143625364344416084e-01
  +4.96057350657238937952e-01
  +4.99013364214135779484e-01
  +5.00000000000000000000e-01
  +4.99013364214135779484e-01
  +4.96057350657238882441e-01
  +4.91143625364344305062e-01
  +4.84291580564315371493e-01
  +4.75528258147576599058e-01
  +4.64888242944125895662e-01
  +4.52413526233010010458e-01
  +4.38153340021932180548e-01
  +4.22163962751007593166e-01
  +4.04508497187473892165e-01
  +3.85256621387894904185e-01
  +3.64484313710706220313e-01
  +3.42273552964344307536e-01
  +3.18711994874344928252e-01
  +2.93892626146236790596e-01
  +2.67913397489497939752e-01
  +2.40876837050857439682e-01
  +2.12889645782536274243e-01
  +1.84062276342339098401e-01
  +1.54508497187473142764e-01
  +1.24344943582426994966e-01
  +9.36906572928620923202e-02
  +6.26666167821529479509e-02
  +3.13952597646577000190e-02
  +3.06161699786838314119e-16
  -3.13952597646562012179e-02
  -6.26666167821514630276e-02
  -9.36906572928614816975e-02
  -1.24344943582427258644e-01
  -1.54508497187474252987e-01
  -1.84062276342339348201e-01
  -2.12889645782536524043e-01
  -2.40876837050857661726e-01
  -2.67913397489498217308e-01
  -2.93892626146236290996e-01
  -3.18711994874344484163e-01
  -3.42273552964345140204e-01
  -3.64484313710706386846e-01
  -3.85256621387895070718e-01
  -4.04508497187473003986e-01
  -4.22163962751006816010e-01
  -4.38153340021931902992e-01
  -4.52413526233009788413e-01
  -4.64888242944125673617e-01
  -4.75528258147576710080e-01
  -4.84291580564315427004e-01
  -4.91143625364344194040e-01
  -4.96057350657238826930e-01
  -4.99013364214135834995e-01
  -5.00000000000000000000e-01
  -4.99013364214135779484e-01
  -4.96057350657238882441e-01
  -4.91143625364344360573e-01
  -4.84291580564315593538e-01
  -4.75528258147576876613e-01
  -4.64888242944125229528e-01
  -4.52413526233010065969e-01
  -4.38153340021932236059e-01
  -4.22163962751008092766e-01
  -4.04508497187474447276e-01
  -3.85256621387894404585e-01
  -3.64484313710705665201e-01
  -3.42273552964344307536e-01
  -3.18711994874344983764e-01
  -2.93892626146236846107e-01
  -2.67913397489498772419e-01
  -2.40876837050858272349e-01
  -2.12889645782535524843e-01
  -1.84062276342338321244e-01
  -1.54508497187473198275e-01
  -1.24344943582427050477e-01
  -9.36906572928621478313e-02
  -6.26666167821521291614e-02
  -3.13952597646568742906e-02
  -3.67394039744205937500e-16
  +3.13952597646561457068e-02
  +6.26666167821514075165e-02
  +9.36906572928614261864e-02
  +1.24344943582426342710e-01
  +1.54508497187474197476e-01
  +1.84062276342339292690e-01
  +2.12889645782536468532e-01
  +2.40876837050857606215e-01
  +2.67913397489498161796e-01
  +2.93892626146236235485e-01
  +3.18711994874344428652e-01
  +3.42273552964345084693e-01
  +3.64484313710706331335e-01
  +3.85256621387895070718e-01
  +4.04508497187474003187e-01
  +4.22163962751006760499e-01
  +4.38153340021931014814e-01
  +4.52413526233009732902e-01
  +4.64888242944125618106e-01
  +4.75528258147576654569e-01
  +4.84291580564315427004e-01
  +4.91143625364344194040e-01
  +4.96057350657238771419e-01
  +4.99013364214135723973e-01
  +5.00000000000000000000e-01
  +4.99013364214135779484e-01
  +4.96057350657238882441e-01
  +4.91143625364344360573e-01
  +4.84291580564315593538e-01
  +4.75528258147576932124e-01
  +4.64888242944125285039e-01
  +4.52413526233009344324e-01
  +4.38153340021932236059e-01
  +4.22163962751008148278e-01
  +4.04508497187474502788e-01
  +3.85256621387895570319e-01
  +3.64484313710705665201e-01
  +3.42273552964344363048e-01
  +3.18711994874345039275e-01
  +2.93892626146236901619e-01
  +2.67913397489498827930e-01
  +2.40876837050858327860e-01
  +2.12889645782537190177e-01
  +1.84062276342338376756e-01
  +1.54508497187473281542e-01
  +1.24344943582427119866e-01
  +9.36906572928622033425e-02
  +6.26666167821521985504e-02
  +3.13952597646569367407e-02
  +4.28626379701573610185e-16
  -3.13952597646560832567e-02
  -6.26666167821513381275e-02
  -9.36906572928613706752e-02
  -1.24344943582426287199e-01
  -1.54508497187472448875e-01
  -1.84062276342339237178e-01
  -2.12889645782536413021e-01
  -2.40876837050857550704e-01
  -2.67913397489498106285e-01
  -2.93892626146236235485e-01
  -3.18711994874344373141e-01
  -3.42273552964343752425e-01
  -3.64484313710706331335e-01
  -3.85256621387895015207e-01
  -4.04508497187473947676e-01
  -4.22163962751007704188e-01
  -4.38153340021930959303e-01
  -4.52413526233009732902e-01
  -4.64888242944125618106e-01
  -4.75528258147576654569e-01
  -4.84291580564315427004e-01
  -4.91143625364344194040e-01
  -4.96057350657238771419e-01
  -4.99013364214135723973e-01
  -5.00000000000000000000e-01
  -4.99013364214135779484e-01
  -4.96057350657238882441e-01
  -4.91143625364344360573e-01
  -4.84291580564315649049e-01
  -4.75528258147576932124e-01
  -4.64888242944125951173e-01
  -4.52413526233009344324e-01
  -4.38153340021931403392e-01
  -4.22163962751007204588e-01
  -4.04508497187474502788e-01
  -3.85256621387895570319e-01
  -3.64484313710705720712e-01
  -3.42273552964344418559e-01
  -3.18711994874345094786e-01
  -2.93892626146236957130e-01
  -2.67913397489498883441e-01
  -2.40876837050856801303e-01
  -2.12889645782537245688e-01
  -1.84062276342340097601e-01
  -1.54508497187473337053e-01
  -1.24344943582428896223e-01
  -9.36906572928622727314e-02
  -6.26666167821540165406e-02
  -3.13952597646569991907e-02
  -4.89858719658941282870e-16
  +3.13952597646577902246e-02
  +6.26666167821512826164e-02
  +9.36906572928630498875e-02
  +1.24344943582426231687e-01
  +1.54508497187474086454e-01
  +1.84062276342339181667e-01
  +2.12889645782536357510e-01
  +2.40876837050857522948e-01
  +2.67913397489499549575e-01
  +2.93892626146236179974e-01
  +3.18711994874344317630e-01
  +3.42273552964343696914e-01
  +3.64484313710705054579e-01
  +3.85256621387894959696e-01
  +4.04508497187472892964e-01
  +4.22163962751007648677e-01
  +4.38153340021930959303e-01
  +4.52413526233009677391e-01
  +4.64888242944125562595e-01
  +4.75528258147577154169e-01
  +4.84291580564315371493e-01
  +4.91143625364344527107e-01
  +4.96057350657238771419e-01
  +4.99013364214135834995e-01
  +5.00000000000000000000e-01
  +4.99013364214135779484e-01
  +4.96057350657238937952e-01
  +4.91143625364344693640e-01
  +4.84291580564315649049e-01
  +4.75528258147576932124e-01
  +4.64888242944125951173e-01
  +4.52413526233010121480e-01
  +4.38153340021931458903e-01
  +4.22163962751008203789e-01
  +4.04508497187473503587e-01
  +3.85256621387895625830e-01
  +3.64484313710705776224e-01
  +3.42273552964344474070e-01
  +3.18711994874343762518e-01
  +2.93892626146237012641e-01
  +2.67913397489497440151e-01
  +2.40876837050858411127e-01
  +2.12889645782535691376e-01
  +1.84062276342338487778e-01
  +1.54508497187475085655e-01
  +1.24344943582427230888e-01
  +9.36906572928640768438e-02
  +6.26666167821523095727e-02
  +3.13952597646570616408e-02
  +5.51091059616308955554e-16
  -3.13952597646559583566e-02
  -6.26666167821529895843e-02
  -9.36906572928612457751e-02
  -1.24344943582427883144e-01
  -1.54508497187472337853e-01
  -1.84062276342339126156e-01
  -2.12889645782536301999e-01
  -2.40876837050859021749e-01
  -2.67913397489497995263e-01
  -2.93892626146237567752e-01
  -3.18711994874344262119e-01
  -3.42273552964343641403e-01
  -3.64484313710706220313e-01
  -3.85256621387893793962e-01
  -4.04508497187473892165e-01
  -4.22163962751006649476e-01
  -4.38153340021931791970e-01
  -4.52413526233009677391e-01
  -4.64888242944125562595e-01
  -4.75528258147576599058e-01
  -4.84291580564315815582e-01
  -4.91143625364344138529e-01
  -4.96057350657238993463e-01
  -4.99013364214135723973e-01
  -5.00000000000000000000e-01
  -4.99013364214135779484e-01
  -4.96057350657238715907e-01
  -4.91143625364344360573e-01
  -4.84291580564316093138e-01
  -4.75528258147576987636e-01
  -4.64888242944126006684e-01
  -4.52413526233009399835e-01
  -4.38153340021932347081e-01
  -4.22163962751007260099e-01
  -4.04508497187474558299e-01
  -3.85256621387894515607e-01
  -3.64484313710705831735e-01
  -3.42273552964344529581e-01
  -3.18711994874345205808e-01
  -2.93892626146235624862e-01
  -2.67913397489498994464e-01
  -2.40876837050856912326e-01
  -2.12889645782537356711e-01
  -1.84062276342338543289e-01
  -1.54508497187473448076e-01
  -1.24344943582429021123e-01
  -9.36906572928623837537e-02
  -6.26666167821541414407e-02
  -3.13952597646571240908e-02
  -6.12323399573676628239e-16
</dep>
