100 Dense V=100 E=2000
0 75 1
0 47 1
0 90 1
0 66 1
0 5 1
0 81 1
0 85 1
0 56 1
0 95 1
0 97 1
0 6 1
0 59 1
0 31 1
0 37 1
0 64 1
0 93 1
0 78 1
0 91 1
0 11 1
0 18 1
1 16 1
1 88 1
1 45 1
1 4 1
1 93 1
1 76 1
1 46 1
1 54 1
1 58 1
1 42 1
1 75 1
1 41 1
1 81 1
1 97 1
1 74 1
1 48 1
1 99 1
1 31 1
1 82 1
1 60 1
2 43 1
2 9 1
2 37 1
2 69 1
2 10 1
2 58 1
2 19 1
2 26 1
2 23 1
2 50 1
2 75 1
2 7 1
2 87 1
2 17 1
2 35 1
2 71 1
2 55 1
2 12 1
2 25 1
2 11 1
3 64 1
3 57 1
3 74 1
3 85 1
3 1 1
3 61 1
3 28 1
3 14 1
3 69 1
3 81 1
3 30 1
3 26 1
3 9 1
3 43 1
3 2 1
3 65 1
3 76 1
3 11 1
3 82 1
3 91 1
4 83 1
4 31 1
4 82 1
4 64 1
4 0 1
4 21 1
4 53 1
4 33 1
4 37 1
4 11 1
4 55 1
4 60 1
4 45 1
4 43 1
4 80 1
4 69 1
4 27 1
4 51 1
4 97 1
4 73 1
5 62 1
5 1 1
5 67 1
5 14 1
5 26 1
5 31 1
5 22 1
5 95 1
5 69 1
5 46 1
5 51 1
5 7 1
5 42 1
5 59 1
5 25 1
5 91 1
5 76 1
5 32 1
5 57 1
5 47 1
6 22 1
6 36 1
6 50 1
6 76 1
6 72 1
6 70 1
6 33 1
6 16 1
6 42 1
6 86 1
6 46 1
6 85 1
6 34 1
6 35 1
6 17 1
6 40 1
6 93 1
6 71 1
6 47 1
6 29 1
7 3 1
7 86 1
7 29 1
7 33 1
7 31 1
7 97 1
7 23 1
7 22 1
7 27 1
7 96 1
7 66 1
7 64 1
7 76 1
7 38 1
7 45 1
7 68 1
7 9 1
7 87 1
7 6 1
7 49 1
8 29 1
8 85 1
8 69 1
8 78 1
8 10 1
8 42 1
8 13 1
8 94 1
8 36 1
8 37 1
8 91 1
8 52 1
8 82 1
8 83 1
8 46 1
8 30 1
8 28 1
8 98 1
8 90 1
8 65 1
9 76 1
9 24 1
9 89 1
9 25 1
9 20 1
9 56 1
9 88 1
9 14 1
9 37 1
9 55 1
9 26 1
9 27 1
9 42 1
9 67 1
9 60 1
9 40 1
9 16 1
9 22 1
9 31 1
9 73 1
10 15 1
10 36 1
10 33 1
10 69 1
10 62 1
10 77 1
10 96 1
10 78 1
10 5 1
10 39 1
10 40 1
10 12 1
10 88 1
10 35 1
10 18 1
10 31 1
10 54 1
10 76 1
10 56 1
10 16 1
11 59 1
11 80 1
11 30 1
11 14 1
11 61 1
11 42 1
11 38 1
11 67 1
11 92 1
11 28 1
11 50 1
11 96 1
11 68 1
11 88 1
11 60 1
11 91 1
11 44 1
11 75 1
11 9 1
11 32 1
12 66 1
12 30 1
12 41 1
12 75 1
12 79 1
12 15 1
12 24 1
12 37 1
12 97 1
12 99 1
12 48 1
12 72 1
12 69 1
12 57 1
12 36 1
12 64 1
12 5 1
12 46 1
12 91 1
12 60 1
13 75 1
13 36 1
13 76 1
13 2 1
13 54 1
13 66 1
13 9 1
13 29 1
13 16 1
13 63 1
13 30 1
13 57 1
13 38 1
13 92 1
13 0 1
13 94 1
13 37 1
13 68 1
13 28 1
13 81 1
14 41 1
14 13 1
14 74 1
14 51 1
14 48 1
14 28 1
14 94 1
14 58 1
14 26 1
14 10 1
14 27 1
14 2 1
14 96 1
14 20 1
14 7 1
14 73 1
14 75 1
14 63 1
14 95 1
14 71 1
15 56 1
15 13 1
15 50 1
15 25 1
15 36 1
15 16 1
15 47 1
15 63 1
15 48 1
15 26 1
15 29 1
15 55 1
15 57 1
15 45 1
15 8 1
15 77 1
15 28 1
15 86 1
15 22 1
15 83 1
16 75 1
16 68 1
16 44 1
16 47 1
16 20 1
16 48 1
16 39 1
16 25 1
16 81 1
16 78 1
16 36 1
16 24 1
16 60 1
16 86 1
16 3 1
16 61 1
16 7 1
16 84 1
16 62 1
16 43 1
17 30 1
17 52 1
17 22 1
17 91 1
17 13 1
17 44 1
17 61 1
17 43 1
17 9 1
17 64 1
17 18 1
17 39 1
17 66 1
17 87 1
17 28 1
17 12 1
17 72 1
17 33 1
17 74 1
17 58 1
18 67 1
18 96 1
18 79 1
18 63 1
18 5 1
18 43 1
18 60 1
18 7 1
18 45 1
18 9 1
18 27 1
18 23 1
18 73 1
18 52 1
18 26 1
18 47 1
18 88 1
18 42 1
18 35 1
18 57 1
19 50 1
19 97 1
19 22 1
19 92 1
19 49 1
19 89 1
19 12 1
19 51 1
19 53 1
19 9 1
19 10 1
19 24 1
19 45 1
19 96 1
19 0 1
19 76 1
19 69 1
19 79 1
19 14 1
19 94 1
20 15 1
20 12 1
20 34 1
20 96 1
20 58 1
20 69 1
20 55 1
20 81 1
20 82 1
20 51 1
20 46 1
20 94 1
20 95 1
20 22 1
20 30 1
20 37 1
20 85 1
20 76 1
20 43 1
20 13 1
21 94 1
21 82 1
21 34 1
21 45 1
21 77 1
21 61 1
21 14 1
21 22 1
21 37 1
21 2 1
21 64 1
21 49 1
21 24 1
21 29 1
21 23 1
21 28 1
21 1 1
21 95 1
21 27 1
21 58 1
22 3 1
22 70 1
22 46 1
22 14 1
22 10 1
22 82 1
22 59 1
22 90 1
22 8 1
22 89 1
22 54 1
22 72 1
22 94 1
22 2 1
22 95 1
22 45 1
22 57 1
22 69 1
22 64 1
22 86 1
23 14 1
23 41 1
23 74 1
23 60 1
23 67 1
23 4 1
23 33 1
23 58 1
23 31 1
23 12 1
23 37 1
23 16 1
23 86 1
23 15 1
23 1 1
23 92 1
23 44 1
23 40 1
23 24 1
23 62 1
24 82 1
24 64 1
24 62 1
24 57 1
24 59 1
24 71 1
24 73 1
24 91 1
24 44 1
24 45 1
24 39 1
24 30 1
24 50 1
24 34 1
24 95 1
24 22 1
24 68 1
24 66 1
24 70 1
24 65 1
25 68 1
25 72 1
25 87 1
25 42 1
25 34 1
25 56 1
25 84 1
25 62 1
25 52 1
25 71 1
25 97 1
25 43 1
25 21 1
25 90 1
25 31 1
25 45 1
25 67 1
25 58 1
25 81 1
25 24 1
26 19 1
26 63 1
26 96 1
26 87 1
26 88 1
26 22 1
26 47 1
26 61 1
26 44 1
26 23 1
26 93 1
26 95 1
26 53 1
26 45 1
26 73 1
26 92 1
26 39 1
26 68 1
26 32 1
26 54 1
27 36 1
27 67 1
27 81 1
27 84 1
27 33 1
27 2 1
27 66 1
27 70 1
27 82 1
27 37 1
27 41 1
27 78 1
27 93 1
27 19 1
27 75 1
27 16 1
27 58 1
27 44 1
27 42 1
27 71 1
28 0 1
28 60 1
28 29 1
28 30 1
28 72 1
28 91 1
28 63 1
28 26 1
28 49 1
28 94 1
28 61 1
28 87 1
28 9 1
28 22 1
28 33 1
28 55 1
28 53 1
28 78 1
28 44 1
28 77 1
29 22 1
29 2 1
29 55 1
29 79 1
29 39 1
29 24 1
29 65 1
29 50 1
29 42 1
29 14 1
29 32 1
29 49 1
29 83 1
29 77 1
29 57 1
29 43 1
29 34 1
29 91 1
29 99 1
29 36 1
30 1 1
30 72 1
30 76 1
30 15 1
30 32 1
30 87 1
30 7 1
30 2 1
30 22 1
30 51 1
30 78 1
30 10 1
30 77 1
30 96 1
30 99 1
30 16 1
30 73 1
30 85 1
30 65 1
30 70 1
31 24 1
31 49 1
31 68 1
31 96 1
31 53 1
31 51 1
31 91 1
31 94 1
31 2 1
31 27 1
31 28 1
31 37 1
31 42 1
31 83 1
31 70 1
31 93 1
31 86 1
31 14 1
31 29 1
31 92 1
32 73 1
32 0 1
32 20 1
32 1 1
32 38 1
32 96 1
32 70 1
32 93 1
32 59 1
32 79 1
32 91 1
32 2 1
32 49 1
32 63 1
32 64 1
32 33 1
32 13 1
32 14 1
32 12 1
32 55 1
33 64 1
33 0 1
33 18 1
33 22 1
33 31 1
33 15 1
33 78 1
33 35 1
33 46 1
33 92 1
33 75 1
33 25 1
33 26 1
33 66 1
33 49 1
33 9 1
33 11 1
33 43 1
33 94 1
33 87 1
34 27 1
34 41 1
34 35 1
34 91 1
34 43 1
34 48 1
34 12 1
34 19 1
34 1 1
34 77 1
34 44 1
34 64 1
34 56 1
34 22 1
34 14 1
34 42 1
34 67 1
34 30 1
34 49 1
34 50 1
35 89 1
35 71 1
35 12 1
35 79 1
35 40 1
35 26 1
35 5 1
35 99 1
35 59 1
35 17 1
35 46 1
35 84 1
35 27 1
35 4 1
35 51 1
35 39 1
35 28 1
35 24 1
35 98 1
35 86 1
36 17 1
36 4 1
36 34 1
36 84 1
36 23 1
36 95 1
36 93 1
36 83 1
36 51 1
36 73 1
36 96 1
36 60 1
36 85 1
36 55 1
36 48 1
36 80 1
36 30 1
36 90 1
36 79 1
36 65 1
37 48 1
37 36 1
37 90 1
37 14 1
37 7 1
37 82 1
37 39 1
37 81 1
37 85 1
37 53 1
37 35 1
37 83 1
37 52 1
37 58 1
37 54 1
37 46 1
37 41 1
37 5 1
37 68 1
37 98 1
38 25 1
38 92 1
38 75 1
38 62 1
38 20 1
38 46 1
38 60 1
38 17 1
38 1 1
38 49 1
38 34 1
38 0 1
38 43 1
38 31 1
38 47 1
38 97 1
38 95 1
38 4 1
38 63 1
38 55 1
39 32 1
39 9 1
39 47 1
39 50 1
39 92 1
39 95 1
39 5 1
39 75 1
39 72 1
39 13 1
39 54 1
39 11 1
39 43 1
39 87 1
39 36 1
39 80 1
39 86 1
39 14 1
39 78 1
39 51 1
40 26 1
40 63 1
40 87 1
40 16 1
40 24 1
40 54 1
40 12 1
40 19 1
40 92 1
40 49 1
40 90 1
40 80 1
40 15 1
40 32 1
40 30 1
40 77 1
40 41 1
40 50 1
40 66 1
40 29 1
41 95 1
41 3 1
41 20 1
41 57 1
41 22 1
41 19 1
41 2 1
41 44 1
41 47 1
41 90 1
41 80 1
41 99 1
41 73 1
41 59 1
41 43 1
41 91 1
41 48 1
41 88 1
41 98 1
41 42 1
42 30 1
42 72 1
42 86 1
42 85 1
42 12 1
42 19 1
42 83 1
42 46 1
42 55 1
42 62 1
42 80 1
42 38 1
42 14 1
42 52 1
42 57 1
42 75 1
42 76 1
42 49 1
42 53 1
42 15 1
43 54 1
43 78 1
43 44 1
43 62 1
43 96 1
43 93 1
43 28 1
43 27 1
43 88 1
43 42 1
43 14 1
43 0 1
43 31 1
43 35 1
43 91 1
43 1 1
43 47 1
43 99 1
43 85 1
43 70 1
44 76 1
44 0 1
44 93 1
44 60 1
44 9 1
44 15 1
44 12 1
44 72 1
44 92 1
44 6 1
44 61 1
44 38 1
44 87 1
44 25 1
44 13 1
44 91 1
44 32 1
44 78 1
44 10 1
44 48 1
45 70 1
45 32 1
45 67 1
45 93 1
45 51 1
45 53 1
45 54 1
45 87 1
45 9 1
45 34 1
45 48 1
45 11 1
45 6 1
45 95 1
45 88 1
45 35 1
45 75 1
45 68 1
45 14 1
45 63 1
46 84 1
46 55 1
46 72 1
46 40 1
46 0 1
46 36 1
46 48 1
46 97 1
46 19 1
46 93 1
46 44 1
46 68 1
46 77 1
46 57 1
46 10 1
46 98 1
46 28 1
46 54 1
46 31 1
46 58 1
47 58 1
47 45 1
47 4 1
47 21 1
47 64 1
47 67 1
47 92 1
47 10 1
47 99 1
47 78 1
47 53 1
47 24 1
47 87 1
47 80 1
47 85 1
47 63 1
47 32 1
47 30 1
47 20 1
47 49 1
48 31 1
48 93 1
48 61 1
48 90 1
48 38 1
48 50 1
48 30 1
48 97 1
48 58 1
48 55 1
48 68 1
48 40 1
48 4 1
48 71 1
48 8 1
48 47 1
48 74 1
48 75 1
48 85 1
48 22 1
49 81 1
49 65 1
49 89 1
49 83 1
49 67 1
49 64 1
49 85 1
49 25 1
49 84 1
49 15 1
49 1 1
49 91 1
49 98 1
49 78 1
49 99 1
49 50 1
49 55 1
49 30 1
49 88 1
49 54 1
50 31 1
50 26 1
50 54 1
50 28 1
50 52 1
50 37 1
50 18 1
50 36 1
50 62 1
50 45 1
50 7 1
50 4 1
50 63 1
50 44 1
50 43 1
50 76 1
50 30 1
50 21 1
50 66 1
50 67 1
51 99 1
51 44 1
51 49 1
51 25 1
51 13 1
51 63 1
51 67 1
51 86 1
51 93 1
51 6 1
51 27 1
51 81 1
51 71 1
51 1 1
51 88 1
51 52 1
51 28 1
51 7 1
51 74 1
51 60 1
52 86 1
52 84 1
52 47 1
52 32 1
52 81 1
52 40 1
52 73 1
52 74 1
52 10 1
52 26 1
52 19 1
52 34 1
52 27 1
52 13 1
52 89 1
52 59 1
52 95 1
52 29 1
52 82 1
52 64 1
53 44 1
53 74 1
53 55 1
53 75 1
53 50 1
53 61 1
53 2 1
53 7 1
53 5 1
53 15 1
53 58 1
53 59 1
53 83 1
53 0 1
53 57 1
53 29 1
53 16 1
53 6 1
53 92 1
53 70 1
54 96 1
54 81 1
54 7 1
54 42 1
54 87 1
54 89 1
54 16 1
54 61 1
54 52 1
54 93 1
54 68 1
54 47 1
54 85 1
54 15 1
54 25 1
54 17 1
54 66 1
54 88 1
54 69 1
54 8 1
55 3 1
55 51 1
55 33 1
55 67 1
55 7 1
55 23 1
55 86 1
55 43 1
55 63 1
55 81 1
55 91 1
55 75 1
55 78 1
55 45 1
55 26 1
55 11 1
55 77 1
55 8 1
55 98 1
55 22 1
56 27 1
56 11 1
56 61 1
56 93 1
56 33 1
56 20 1
56 23 1
56 75 1
56 35 1
56 32 1
56 90 1
56 24 1
56 60 1
56 69 1
56 84 1
56 99 1
56 7 1
56 71 1
56 79 1
56 26 1
57 68 1
57 76 1
57 28 1
57 69 1
57 26 1
57 56 1
57 94 1
57 20 1
57 0 1
57 9 1
57 58 1
57 59 1
57 79 1
57 98 1
57 60 1
57 14 1
57 72 1
57 51 1
57 95 1
57 70 1
58 50 1
58 59 1
58 12 1
58 31 1
58 40 1
58 39 1
58 36 1
58 86 1
58 63 1
58 28 1
58 33 1
58 7 1
58 69 1
58 15 1
58 26 1
58 96 1
58 43 1
58 64 1
58 42 1
58 85 1
59 62 1
59 19 1
59 6 1
59 38 1
59 27 1
59 9 1
59 39 1
59 97 1
59 40 1
59 99 1
59 98 1
59 60 1
59 64 1
59 89 1
59 92 1
59 4 1
59 51 1
59 70 1
59 71 1
59 36 1
60 77 1
60 90 1
60 63 1
60 6 1
60 55 1
60 3 1
60 29 1
60 66 1
60 19 1
60 30 1
60 93 1
60 74 1
60 79 1
60 83 1
60 39 1
60 49 1
60 73 1
60 21 1
60 42 1
60 52 1
61 34 1
61 91 1
61 81 1
61 97 1
61 9 1
61 69 1
61 79 1
61 77 1
61 38 1
61 8 1
61 50 1
61 52 1
61 37 1
61 19 1
61 84 1
61 78 1
61 27 1
61 14 1
61 33 1
61 36 1
62 66 1
62 36 1
62 61 1
62 89 1
62 9 1
62 37 1
62 47 1
62 35 1
62 67 1
62 75 1
62 4 1
62 0 1
62 54 1
62 30 1
62 14 1
62 94 1
62 51 1
62 26 1
62 3 1
62 91 1
63 27 1
63 94 1
63 92 1
63 36 1
63 67 1
63 34 1
63 56 1
63 24 1
63 93 1
63 61 1
63 9 1
63 91 1
63 25 1
63 98 1
63 20 1
63 77 1
63 29 1
63 59 1
63 74 1
63 33 1
64 2 1
64 11 1
64 50 1
64 57 1
64 55 1
64 30 1
64 18 1
64 10 1
64 97 1
64 95 1
64 99 1
64 54 1
64 77 1
64 5 1
64 82 1
64 61 1
64 72 1
64 44 1
64 9 1
64 16 1
65 88 1
65 0 1
65 92 1
65 58 1
65 45 1
65 44 1
65 74 1
65 32 1
65 34 1
65 4 1
65 76 1
65 14 1
65 13 1
65 97 1
65 82 1
65 59 1
65 57 1
65 19 1
65 69 1
65 35 1
66 87 1
66 48 1
66 30 1
66 26 1
66 46 1
66 91 1
66 22 1
66 47 1
66 53 1
66 82 1
66 43 1
66 10 1
66 35 1
66 45 1
66 58 1
66 77 1
66 99 1
66 94 1
66 85 1
66 21 1
67 59 1
67 14 1
67 73 1
67 96 1
67 92 1
67 88 1
67 86 1
67 98 1
67 6 1
67 76 1
67 29 1
67 65 1
67 21 1
67 90 1
67 20 1
67 95 1
67 77 1
67 26 1
67 19 1
67 1 1
68 94 1
68 75 1
68 12 1
68 61 1
68 32 1
68 59 1
68 81 1
68 19 1
68 2 1
68 85 1
68 96 1
68 28 1
68 15 1
68 95 1
68 39 1
68 62 1
68 4 1
68 27 1
68 71 1
68 0 1
69 53 1
69 47 1
69 66 1
69 52 1
69 44 1
69 93 1
69 97 1
69 26 1
69 48 1
69 13 1
69 6 1
69 30 1
69 25 1
69 63 1
69 71 1
69 88 1
69 35 1
69 41 1
69 55 1
69 7 1
70 81 1
70 20 1
70 65 1
70 56 1
70 54 1
70 92 1
70 64 1
70 17 1
70 89 1
70 72 1
70 74 1
70 66 1
70 5 1
70 37 1
70 95 1
70 78 1
70 8 1
70 42 1
70 15 1
70 49 1
71 22 1
71 97 1
71 12 1
71 23 1
71 36 1
71 47 1
71 31 1
71 52 1
71 50 1
71 17 1
71 55 1
71 49 1
71 20 1
71 75 1
71 57 1
71 84 1
71 83 1
71 1 1
71 44 1
71 63 1
72 77 1
72 59 1
72 45 1
72 43 1
72 40 1
72 90 1
72 83 1
72 93 1
72 55 1
72 8 1
72 54 1
72 66 1
72 11 1
72 88 1
72 2 1
72 81 1
72 99 1
72 84 1
72 31 1
72 62 1
73 98 1
73 82 1
73 25 1
73 97 1
73 3 1
73 27 1
73 84 1
73 37 1
73 15 1
73 20 1
73 55 1
73 7 1
73 23 1
73 22 1
73 19 1
73 83 1
73 48 1
73 35 1
73 63 1
73 57 1
74 29 1
74 49 1
74 69 1
74 10 1
74 95 1
74 54 1
74 93 1
74 25 1
74 71 1
74 89 1
74 32 1
74 55 1
74 40 1
74 41 1
74 91 1
74 15 1
74 87 1
74 73 1
74 2 1
74 0 1
75 30 1
75 81 1
75 43 1
75 4 1
75 41 1
75 18 1
75 47 1
75 92 1
75 25 1
75 99 1
75 19 1
75 66 1
75 36 1
75 9 1
75 60 1
75 17 1
75 90 1
75 78 1
75 97 1
75 84 1
76 66 1
76 62 1
76 64 1
76 37 1
76 79 1
76 54 1
76 90 1
76 84 1
76 17 1
76 61 1
76 43 1
76 47 1
76 52 1
76 48 1
76 82 1
76 75 1
76 59 1
76 92 1
76 36 1
76 87 1
77 49 1
77 17 1
77 35 1
77 32 1
77 95 1
77 86 1
77 2 1
77 78 1
77 33 1
77 41 1
77 22 1
77 11 1
77 90 1
77 5 1
77 37 1
77 27 1
77 94 1
77 70 1
77 91 1
77 92 1
78 37 1
78 13 1
78 71 1
78 35 1
78 99 1
78 29 1
78 2 1
78 45 1
78 11 1
78 26 1
78 89 1
78 56 1
78 7 1
78 64 1
78 92 1
78 23 1
78 90 1
78 5 1
78 51 1
78 4 1
79 8 1
79 48 1
79 49 1
79 54 1
79 37 1
79 20 1
79 44 1
79 33 1
79 13 1
79 85 1
79 78 1
79 53 1
79 24 1
79 6 1
79 90 1
79 64 1
79 14 1
79 39 1
79 46 1
79 89 1
80 98 1
80 99 1
80 60 1
80 91 1
80 33 1
80 17 1
80 29 1
80 5 1
80 76 1
80 94 1
80 30 1
80 93 1
80 87 1
80 67 1
80 75 1
80 1 1
80 38 1
80 12 1
80 13 1
80 26 1
81 62 1
81 15 1
81 86 1
81 85 1
81 59 1
81 71 1
81 45 1
81 26 1
81 28 1
81 22 1
81 42 1
81 82 1
81 9 1
81 8 1
81 97 1
81 64 1
81 2 1
81 98 1
81 10 1
81 32 1
82 10 1
82 54 1
82 12 1
82 6 1
82 23 1
82 92 1
82 53 1
82 29 1
82 86 1
82 55 1
82 68 1
82 83 1
82 28 1
82 45 1
82 44 1
82 80 1
82 95 1
82 2 1
82 32 1
82 77 1
83 70 1
83 48 1
83 20 1
83 68 1
83 99 1
83 93 1
83 79 1
83 35 1
83 28 1
83 12 1
83 0 1
83 38 1
83 62 1
83 58 1
83 3 1
83 19 1
83 97 1
83 32 1
83 41 1
83 98 1
84 42 1
84 18 1
84 81 1
84 23 1
84 54 1
84 66 1
84 33 1
84 65 1
84 29 1
84 0 1
84 6 1
84 32 1
84 57 1
84 89 1
84 51 1
84 50 1
84 64 1
84 77 1
84 7 1
84 90 1
85 77 1
85 95 1
85 67 1
85 45 1
85 39 1
85 96 1
85 40 1
85 21 1
85 5 1
85 28 1
85 64 1
85 69 1
85 86 1
85 65 1
85 63 1
85 32 1
85 52 1
85 76 1
85 75 1
85 27 1
86 78 1
86 89 1
86 28 1
86 1 1
86 60 1
86 87 1
86 57 1
86 83 1
86 61 1
86 84 1
86 75 1
86 25 1
86 37 1
86 50 1
86 76 1
86 94 1
86 21 1
86 62 1
86 91 1
86 27 1
87 32 1
87 79 1
87 98 1
87 64 1
87 9 1
87 97 1
87 38 1
87 83 1
87 88 1
87 72 1
87 35 1
87 81 1
87 61 1
87 16 1
87 55 1
87 11 1
87 67 1
87 19 1
87 14 1
87 5 1
88 78 1
88 61 1
88 30 1
88 66 1
88 81 1
88 14 1
88 24 1
88 77 1
88 48 1
88 38 1
88 12 1
88 28 1
88 5 1
88 99 1
88 63 1
88 97 1
88 53 1
88 50 1
88 73 1
88 21 1
89 68 1
89 81 1
89 63 1
89 20 1
89 48 1
89 38 1
89 51 1
89 25 1
89 92 1
89 99 1
89 94 1
89 96 1
89 2 1
89 57 1
89 4 1
89 95 1
89 8 1
89 66 1
89 1 1
89 28 1
90 89 1
90 30 1
90 7 1
90 3 1
90 55 1
90 14 1
90 5 1
90 58 1
90 12 1
90 61 1
90 39 1
90 93 1
90 65 1
90 28 1
90 44 1
90 49 1
90 63 1
90 85 1
90 9 1
90 81 1
91 2 1
91 33 1
91 73 1
91 52 1
91 79 1
91 58 1
91 57 1
91 19 1
91 70 1
91 48 1
91 42 1
91 87 1
91 46 1
91 15 1
91 14 1
91 78 1
91 97 1
91 4 1
91 36 1
91 68 1
92 96 1
92 58 1
92 45 1
92 10 1
92 46 1
92 37 1
92 71 1
92 25 1
92 64 1
92 36 1
92 91 1
92 15 1
92 2 1
92 61 1
92 52 1
92 81 1
92 57 1
92 49 1
92 85 1
92 86 1
93 81 1
93 4 1
93 41 1
93 20 1
93 5 1
93 34 1
93 2 1
93 75 1
93 67 1
93 16 1
93 19 1
93 30 1
93 17 1
93 85 1
93 14 1
93 88 1
93 28 1
93 73 1
93 95 1
93 47 1
94 54 1
94 87 1
94 44 1
94 34 1
94 40 1
94 5 1
94 98 1
94 9 1
94 3 1
94 37 1
94 47 1
94 58 1
94 17 1
94 42 1
94 36 1
94 74 1
94 79 1
94 25 1
94 48 1
94 76 1
95 92 1
95 60 1
95 23 1
95 86 1
95 81 1
95 29 1
95 80 1
95 84 1
95 46 1
95 43 1
95 19 1
95 94 1
95 2 1
95 65 1
95 91 1
95 55 1
95 73 1
95 47 1
95 40 1
95 10 1
96 83 1
96 29 1
96 46 1
96 40 1
96 4 1
96 35 1
96 97 1
96 16 1
96 48 1
96 62 1
96 37 1
96 51 1
96 38 1
96 45 1
96 95 1
96 94 1
96 41 1
96 81 1
96 39 1
96 87 1
97 54 1
97 92 1
97 34 1
97 77 1
97 50 1
97 23 1
97 53 1
97 43 1
97 28 1
97 8 1
97 93 1
97 52 1
97 86 1
97 35 1
97 85 1
97 90 1
97 67 1
97 60 1
97 95 1
97 57 1
98 36 1
98 42 1
98 69 1
98 61 1
98 9 1
98 45 1
98 89 1
98 17 1
98 71 1
98 76 1
98 7 1
98 54 1
98 52 1
98 50 1
98 95 1
98 11 1
98 47 1
98 72 1
98 30 1
98 39 1
99 8 1
99 50 1
99 58 1
99 91 1
99 52 1
99 48 1
99 84 1
99 73 1
99 63 1
99 3 1
99 96 1
99 71 1
99 10 1
99 37 1
99 87 1
99 44 1
99 57 1
99 18 1
99 65 1
99 68 1
