100 Sparse V=100 E=100
0 74 1
1 30 1
2 34 1
3 39 1
4 40 1
5 0 1
6 57 1
7 47 1
8 31 1
9 49 1
10 75 1
11 75 1
12 81 1
13 52 1
14 79 1
15 98 1
16 49 1
17 66 1
18 77 1
19 82 1
20 95 1
21 45 1
22 26 1
23 62 1
24 29 1
25 39 1
26 17 1
27 4 1
28 30 1
29 23 1
30 47 1
31 62 1
32 26 1
33 96 1
34 75 1
35 93 1
36 79 1
37 34 1
38 58 1
39 41 1
40 74 1
41 80 1
42 51 1
43 20 1
44 43 1
45 16 1
46 98 1
47 77 1
48 47 1
49 28 1
50 70 1
51 25 1
52 28 1
53 70 1
54 25 1
55 98 1
56 63 1
57 86 1
58 60 1
59 4 1
60 12 1
61 30 1
62 91 1
63 7 1
64 45 1
65 24 1
66 51 1
67 3 1
68 0 1
69 96 1
70 29 1
71 85 1
72 88 1
73 23 1
74 65 1
75 92 1
76 24 1
77 48 1
78 96 1
79 80 1
80 70 1
81 42 1
82 69 1
83 10 1
84 87 1
85 25 1
86 4 1
87 25 1
88 67 1
89 19 1
90 15 1
91 63 1
92 72 1
93 6 1
94 34 1
95 72 1
96 2 1
97 53 1
98 51 1
99 56 1
