1	1.1506842619745847
2	3.2832355816226784
3	3.283626588465298
4	3.2824046920821117
5	3.286705767350929
6	3.2825024437927666
7	3.283675464320626
8	3.2861192570869995
9	3.2841153470185724
10	3.279618768328446
11	3.2795698924731185
12	3.2852394916911045
13	3.2777126099706746
14	3.2838709677419358
15	3.2765884652981425
16	3.2752199413489738
17	3.2771749755620725
18	3.2754154447702835
19	3.281818181818182
20	3.271456500488759
21	3.2708699902248295
22	3.274486803519062
23	3.274144672531769
24	3.2732160312805476
25	3.28088954056696
26	3.2753176930596286
27	3.279374389051809
28	3.269452590420332
29	3.2769305962854354
30	3.268475073313783
31	3.2699902248289345
32	3.275122189638319
33	3.267057673509287
34	3.267057673509287
35	3.265298142717498
36	3.263245356793744
37	3.2665200391006843
38	3.2703812316715544
39	3.2638318670576734
40	3.266617790811339
41	3.26564027370479
42	3.2653470185728253
43	3.2680840664711632
44	3.261143695014663
45	3.2679863147605084
46	3.2662756598240468
47	3.2604594330400785
48	3.263685239491691
49	3.2596774193548383
50	3.2585043988269797
51	3.2629521016617793
52	3.2565493646138806
53	3.2644672531769303
54	3.259090909090909
55	3.257380254154448
56	3.260508308895406
57	3.255327468230694
58	3.2595307917888565
59	3.2532746823069405
60	3.2616324535679375
61	3.254985337243402
62	3.2533724340175953
63	3.2521505376344084
64	3.2616324535679375
65	3.2580645161290325
66	3.2507820136852397
67	3.2547898338220915
68	3.2491691104594325
69	3.2532746823069405
70	3.250293255131965
71	3.255327468230694
72	3.2460410557184747
73	3.253079178885631
74	3.2540566959921797
75	3.2521016617790814
76	3.2472629521016616
77	3.2514173998044966
78	3.251026392961877
79	3.2474584555229713
80	3.248533724340176
81	3.2463343108504397
82	3.2481915933528835
83	3.2503421309872924
84	3.24594330400782
85	3.247409579667644
86	3.2441837732160312
87	3.2584066471163244
88	3.247605083088954
89	3.2490224828934506
90	3.245307917888563
91	3.2519550342130987
92	3.252932551319648
93	3.243743890518084
94	3.244037145650049
95	3.2463343108504397
96	3.2438416422287393
97	3.238367546432063
98	3.2462365591397844
99	3.245845552297165
100	3.2507820136852397
101	3.2425708699902245
102	3.25058651026393
103	3.2429618768328448
104	3.240127077223851
105	3.2366568914956013
106	3.2402248289345064
107	3.2461388074291295
108	3.2385630498533726
109	3.248826979472141
110	3.239149560117302
111	3.2367546432062557
112	3.2408602150537633
113	3.238856304985337
114	3.24594330400782
115	3.235190615835777
116	3.237487781036168
117	3.2459921798631477
118	3.240175953079179
119	3.2375366568914954
120	3.2366568914956013
121	3.2369501466275654
122	3.236559139784946
123	3.235434995112415
124	3.2390029325513194
125	3.2339687194525903
126	3.2347018572825026
127	3.236608015640274
128	3.233431085043988
129	3.2360703812316713
130	3.240273704789834
131	3.2372922776148583
132	3.2366568914956013
133	3.236168132942326
134	3.2376344086021502
135	3.23435972629521
136	3.2405180840664713
137	3.2366568914956013
138	3.2385141739980448
139	3.2383186705767346
140	3.2357771260997064
141	3.2346041055718473
142	3.2346529814271747
143	3.2330400782013684
144	3.2326490713587486
145	3.236852394916911
146	3.220918866080156
147	3.2323069403714566
148	3.225904203323558
149	3.2307429130009777
150	3.2329423264907136
151	3.229227761485826
152	3.2237047898338225
153	3.2199902248289343
154	3.228836754643206
155	3.228934506353861
156	3.2309872922776144
157	3.2265884652981422
158	3.2301564027370477
159	3.2237047898338225
160	3.2276148582600195
161	3.2264418377321604
162	3.2267350928641254
163	3.230547409579668
164	3.2259530791788853
165	3.229521016617791
166	3.225659824046921
167	3.2321114369501465
168	3.2281036168132946
169	3.2254643206256106
170	3.232160312805474
171	3.225171065493646
172	3.2257575757575756
173	3.2223851417399803
174	3.2198924731182794
175	3.223313782991202
176	3.229178885630499
177	3.2267839687194524
178	3.2268817204301077
179	3.222629521016618
180	3.2267839687194524
181	3.220918866080156
182	3.228739002932551
183	3.233577712609971
184	3.217986314760508
185	3.226197458455523
186	3.218328445747801
187	3.225268817204301
188	3.2257575757575756
189	3.224291300097752
190	3.219599217986315
191	3.2176930596285436
192	3.2096774193548385
193	3.2227272727272727
194	3.2128054740957968
195	3.2160801564027373
196	3.2198435972629516
197	3.216520039100684
198	3.209139784946237
199	3.2167155425219938
200	3.2167155425219938
201	3.2106060606060605
202	3.2083577712609967
203	3.217644183773216
204	3.2142717497556204
205	3.2123167155425216
206	3.214760508308895
207	3.2065982404692086
208	3.2119745845552297
209	3.212952101661779
210	3.210312805474096
211	3.2095307917888563
212	3.208015640273705
213	3.207184750733138
214	3.2068426197458453
215	3.21524926686217
216	3.2093352883675466
217	3.2085532746823073
218	3.2089931573802537
219	3.2082111436950145
220	3.21080156402737
221	3.2115835777126103
222	3.210117302052786
223	3.21217008797654
224	3.20752688172043
225	3.2084066471163246
226	3.2050830889540567
227	3.204007820136852
228	3.207233626588465
229	3.2049853372434014
230	3.2050342130987293
231	3.2095796676441832
232	3.2086021505376343
233	3.2013196480938415
234	3.211094819159335
235	3.210312805474096
236	3.20772238514174
237	3.2054740957966765
238	3.213049853372434
239	3.2069403714565
240	3.2022971652003913
241	3.210068426197458
242	3.205180840664711
243	3.2089931573802537
244	3.203910068426197
245	3.206158357771261
246	3.2107038123167153
247	3.2016617790811335
248	3.21080156402737
249	3.2067937438905183
250	3.2073313782991204
251	3.2098240469208212
252	3.2099706744868035
253	3.2063538611925706
254	3.2046432062561094
255	3.203128054740958
256	3.2048387096774196
257	3.2045454545454546
258	3.2033235581622677
259	3.2024437927663736
260	3.1992668621700884
261	3.207233626588465
262	3.2044477028347997
263	3.198875855327468
264	3.200342130987292
265	3.2058162267839685
266	3.201515151515151
267	3.1971163245356795
268	3.205962854349951
269	3.200977517106549
270	3.205669599217986
271	3.2035679374389052
272	3.205229716520039
273	3.205620723362659
274	3.2086510263929617
275	3.204398826979472
276	3.200342130987292
277	3.205180840664711
278	3.2046432062561094
279	3.2000488758553276
280	3.1987781036168137
281	3.201270772238514
282	3.201270772238514
283	3.2058162267839685
284	3.2027370478983377
285	3.197800586510264
286	3.2011730205278592
287	3.203519061583578
288	3.201515151515151
289	3.1989736070381234
290	3.196676441837732
291	3.2032746823069402
292	3.1983870967741934
293	3.197653958944281
294	3.204301075268817
295	3.202101661779081
296	3.2065982404692086
297	3.199902248289345
298	3.2046920821114364
299	3.2008797653958942
300	3.2018084066471166
301	3.195014662756598
302	3.1989736070381234
303	3.1967741935483867
304	3.2005376344086023
305	3.196676441837732
306	3.198435972629521
307	3.198435972629521
308	3.2063538611925706
309	3.1970674486803516
310	3.191935483870968
311	3.198435972629521
312	3.1931085043988268
313	3.195161290322581
314	3.1945259042033234
315	3.2007820136852394
316	3.1944770283479964
317	3.1925219941348977
318	3.1927663734115344
319	3.1912023460410555
320	3.19941348973607
321	3.1997556207233626
322	3.1944770283479964
323	3.1957966764418377
324	3.2052785923753664
325	3.1954056695992175
326	3.1945259042033234
327	3.1945747800586513
328	3.194721407624633
329	3.196041055718475
330	3.193841642228739
331	3.1979960899315736
332	3.193890518084067
333	3.1970185728250247
334	3.1914956011730204
335	3.1925708699902247
336	3.1970185728250247
337	3.1905669599217985
338	3.193841642228739
339	3.195307917888563
340	3.1904203323558162
341	3.187976539589443
342	3.1955522971652
343	3.1896871945259044
344	3.188123167155425
345	3.194183773216031
346	3.195307917888563
347	3.193304007820137
348	3.193206256109482
349	3.192913000977517
350	3.1880254154447702
351	3.1962854349951124
352	3.19208211143695
353	3.196480938416422
354	3.1931085043988268
355	3.187683284457478
356	3.191642228739003
357	3.194183773216031
358	3.1867546432062563
359	3.19208211143695
360	3.1931085043988268
361	3.188758553274682
362	3.1935972629521014
363	3.1940860215053766
364	3.188514173998045
365	3.1874877810361677
366	3.1857771260997065
367	3.1972140762463344
368	3.1997067448680347
369	3.19266862170088
370	3.192815249266862
371	3.1845063538611926
372	3.1875855327468225
373	3.193548387096774
374	3.188514173998045
375	3.1878787878787875
376	3.186950146627566
377	3.1877321603128057
378	3.192961876832844
379	3.191251221896383
380	3.194868035190616
381	3.1893939393939394
382	3.1905180840664706
383	3.1883675464320627
384	3.1944770283479964
385	3.1927174975562074
386	3.1892473118279567
387	3.1904692082111437
388	3.1863147605083086
389	3.1867546432062563
390	3.1858260019550344
391	3.1880254154447702
392	3.1875366568914956
393	3.1877321603128057
394	3.1892473118279567
395	3.1847507331378297
396	3.1915933528836753
397	3.187194525904203
398	3.1866080156402736
399	3.190615835777126
400	3.1803519061583576
401	3.1849462365591394
402	3.191642228739003
403	3.187145650048876
404	3.1848973607038125
405	3.1842130987292276
406	3.1850439882697943
407	3.1901270772238512
408	3.1852394916911044
409	3.1834310850439884
410	3.186950146627566
411	3.1849951124144673
412	3.183479960899316
413	3.179765395894428
414	3.193450635386119
415	3.1834310850439884
416	3.184604105571848
417	3.1839687194525905
418	3.1829423264907137
419	3.182600195503421
420	3.188123167155425
421	3.179912023460411
422	3.1853372434017597
423	3.1859726295210167
424	3.18069403714565
425	3.1852883675464323
426	3.1818181818181817
427	3.1800097751710656
428	3.1822091886608015
429	3.187976539589443
430	3.1852394916911044
431	3.1823069403714563
432	3.1845063538611926
433	3.18435972629521
434	3.187243401759531
435	3.188514173998045
436	3.1838709677419352
437	3.189931573802541
438	3.178836754643206
439	3.1808895405669597
440	3.182746823069404
441	3.184604105571848
442	3.1792277614858264
443	3.182600195503421
444	3.1852883675464323
445	3.1867546432062563
446	3.1799608993157378
447	3.1847996089931576
448	3.187976539589443
449	3.1816715542522
450	3.1860703812316715
451	3.1812805474095796
452	3.1800586510263926
453	3.1818670576735095
454	3.181524926686217
455	3.1763440860215053
456	3.1800586510263926
457	3.1836754643206255
458	3.184261974584555
459	3.1818181818181817
460	3.183724340175953
461	3.1801564027370475
462	3.1803030303030306
463	3.178934506353861
464	3.1786412512218964
465	3.1811827956989247
466	3.181329423264907
467	3.181329423264907
468	3.1812805474095796
469	3.1851906158357775
470	3.181964809384164
471	3.1819159335288365
472	3.182355816226784
473	3.1775171065493644
474	3.176735092864125
475	3.179765395894428
476	3.1849462365591394
477	3.1762463343108505
478	3.183479960899316
479	3.180742913000977
480	3.178934506353861
481	3.1762463343108505
482	3.1792766373411534
483	3.1764907135874876
484	3.178103616813294
485	3.1829912023460407
486	3.1799608993157378
487	3.1841642228739
488	3.1810361681329424
489	3.182453567937439
490	3.1792277614858264
491	3.1800586510263926
492	3.1764907135874876
493	3.1832844574780057
494	3.1880254154447702
495	3.1808895405669597
496	3.1762463343108505
497	3.1823069403714563
498	3.1739491691104593
499	3.1745356793743893
500	3.174046920821114
501	3.180596285434995
502	3.1744868035190614
503	3.178690127077224
504	3.1766862170087977
505	3.1815738025415445
506	3.175073313782991
507	3.180449657869013
508	3.1746334310850437
509	3.180987292277615
510	3.174780058651026
511	3.175122189638319
512	3.178103616813294
513	3.1735581622678395
514	3.1759530791788855
515	3.1800586510263926
516	3.1819159335288365
517	3.1764907135874876
518	3.1756109481915935
519	3.1721896383186703
520	3.1775659824046922
521	3.1734604105571846
522	3.1795210166177905
523	3.174926686217009
524	3.179814271749756
525	3.172091886608016
526	3.175073313782991
527	3.177810361681329
528	3.1784457478005863
529	3.1773216031280547
530	3.176295210166178
531	3.1677419354838707
532	3.1700879765395893
533	3.1799608993157378
534	3.1809384164222876
535	3.177859237536657
536	3.1745845552297163
537	3.171407624633431
538	3.1769794721407627
539	3.1765884652981424
540	3.181964809384164
541	3.1743401759530796
542	3.171896383186706
543	3.171114369501466
544	3.1748289345063543
545	3.182355816226784
546	3.1721896383186703
547	3.1651026392961876
548	3.1757086999022484
549	3.175415444770284
550	3.177712609970674
551	3.1764907135874876
552	3.1726295210166175
553	3.1802541544477023
554	3.174193548387097
555	3.1730205278592374
556	3.1771260997067445
557	3.174975562072336
558	3.1756598240469205
559	3.1759530791788855
560	3.17336265884653
561	3.1731182795698927
562	3.175904203323558
563	3.1739980449657867
564	3.1722385141739977
565	3.1707722385141737
566	3.1660801564027365
567	3.1730694037145653
568	3.1734604105571846
569	3.177077223851417
570	3.176099706744868
571	3.1743401759530796
572	3.1708211143695015
573	3.178103616813294
574	3.1766862170087977
575	3.1722385141739977
576	3.1763440860215053
577	3.170332355816227
578	3.171505376344086
579	3.173802541544477
580	3.169012707722385
581	3.1775659824046922
582	3.169257086999022
583	3.1804007820136855
584	3.176735092864125
585	3.1996578690127078
586	3.204349951124145
587	3.1985337243401757
588	3.1896383186705766
589	3.1894916911045947
590	3.183822091886608
591	3.1867546432062563
592	3.1967741935483867
593	3.1952101661779078
594	3.1859726295210167
595	3.1845552297165196
596	3.1879276637341154
597	3.186950146627566
598	3.185581622678397
599	3.19208211143695
600	3.1922776148582597
601	3.188123167155425
602	3.1867546432062563
603	3.1868035190615833
604	3.190029325513196
605	3.1849951124144673
606	3.193010752688172
607	3.18900293255132
608	3.184604105571848
609	3.1897360703812314
610	3.187634408602151
611	3.1868035190615833
612	3.1829423264907137
613	3.1822091886608015
614	3.1884652981427175
615	3.1883675464320627
616	3.186217008797654
617	3.171896383186706
618	3.1725806451612906
619	3.172043010752688
620	3.1739491691104593
621	3.1704789833822087
622	3.1738514173998045
623	3.1715542521994133
624	3.16852394916911
625	3.1637341153470184
626	3.1695992179863146
627	3.174975562072336
628	3.1725317693059627
629	3.163636363636363
630	3.171505376344086
631	3.167497556207234
632	3.170283479960899
633	3.1791788856304986
634	3.164320625610948
635	3.168230694037146
636	3.165982404692082
637	3.17644183773216
638	3.1743890518084066
639	3.1716031280547408
640	3.1709188660801564
641	3.170185728250244
642	3.1695014662756598
643	3.170283479960899
644	3.1689638318670577
645	3.172140762463343
646	3.165347018572825
647	3.1709188660801564
648	3.1680840664711636
649	3.1746334310850437
650	3.174780058651026
651	3.1682795698924733
652	3.1691593352883674
653	3.1622678396871944
654	3.1643695014662754
655	3.168866080156403
656	3.1696969696969695
657	3.1650048875855323
658	3.1662267839687193
659	3.166275659824047
660	3.165493646138807
661	3.168377321603128
662	3.163880742913001
663	3.1709677419354834
664	3.164516129032258
665	3.170625610948192
666	3.171114369501466
667	3.167204301075269
668	3.1649560117302054
669	3.1740957966764416
670	3.1678396871945256
671	3.166911045943304
672	3.16099706744868
673	3.162218963831867
674	3.1687194525904205
675	3.1631964809384168
676	3.1660801564027365
677	3.167497556207234
678	3.1667644183773214
679	3.172091886608016
680	3.1709188660801564
681	3.1634897360703813
682	3.167155425219941
683	3.163685239491691
684	3.171896383186706
685	3.166813294232649
686	3.1695014662756598
687	3.1647605083088957
688	3.1634408602150534
689	3.16564027370479
690	3.1674486803519057
691	3.1677419354838707
692	3.1648093841642226
693	3.171260997067449
694	3.165591397849462
695	3.1665200391006842
696	3.165542521994135
697	3.158651026392962
698	3.172873900293255
699	3.1691593352883674
700	3.166715542521994
701	3.1670576735092864
702	3.1557184750733134
703	3.170234604105572
704	3.1605083088954053
705	3.166373411534702
706	3.1682795698924733
707	3.162463343108504
708	3.163343108504399
709	3.1631964809384168
710	3.1565982404692083
711	3.1650048875855323
712	3.1577712609970674
713	3.1658357771261
714	3.1664222873900294
715	3.1589931573802543
716	3.1578201368523953
717	3.162463343108504
718	3.1663245356793746
719	3.1613391984359724
720	3.168572825024438
721	3.1676930596285438
722	3.1551808406647117
723	3.165689149560117
724	3.1632453567937437
725	3.157184750733138
726	3.1640273704789834
727	3.1651515151515155
728	3.165689149560117
729	3.162463343108504
730	3.1590420332355817
731	3.1605083088954053
732	3.1607526881720434
733	3.1680840664711636
734	3.1582111436950147
735	3.1591397849462366
736	3.1599706744868032
737	3.162756598240469
738	3.1585532746823066
739	3.1624144672531767
740	3.160850439882698
741	3.1582600195503416
742	3.163685239491691
743	3.1652003910068425
744	3.154985337243402
745	3.1574780058651024
746	3.1577223851417404
747	3.1640273704789834
748	3.163880742913001
749	3.158651026392962
750	3.1593352883675463
751	3.1630987292277615
752	3.1571358748778104
753	3.1620234604105573
754	3.1638318670576737
755	3.156402737047898
756	3.1608015640273703
757	3.159677419354839
758	3.1604105571847505
759	3.165395894428152
760	3.1602639296187687
761	3.1599706744868032
762	3.161290322580645
763	3.1621700879765395
764	3.1631964809384168
765	3.1506842619745847
766	3.1600684261974585
767	3.162854349951124
768	3.1591397849462366
769	3.157673509286412
770	3.164613880742913
771	3.159677419354839
772	3.1556207233626585
773	3.1577712609970674
774	3.1632453567937437
775	3.1621212121212126
776	3.1578201368523953
777	3.1572825024437927
778	3.157184750733138
779	3.160850439882698
780	3.159824046920821
781	3.160654936461388
782	3.1671065493646138
783	3.1586021505376345
784	3.156256109481916
785	3.1591397849462366
786	3.163978494623656
787	3.161925708699902
788	3.152199413489736
789	3.15733137829912
790	3.1575757575757573
791	3.15830889540567
792	3.152199413489736
793	3.1559628543499514
794	3.1604594330400784
795	3.1526881720430104
796	3.15811339198436
797	3.156304985337243
798	3.154692082111437
799	3.1572825024437927
800	3.158064516129032
801	3.155425219941349
802	3.156109481915933
803	3.1631964809384168
804	3.158797653958944
805	3.1538611925708695
806	3.158406647116325
807	3.154985337243402
808	3.1595307917888564
809	3.1558651026392965
810	3.156256109481916
811	3.1621212121212126
812	3.156891495601173
813	3.1639296187683286
814	3.162658846529814
815	3.1525904203323556
816	3.156402737047898
817	3.1620234604105573
818	3.1550830889540564
819	3.1578690127077222
820	3.1545943304007817
821	3.1559628543499514
822	3.1582111436950147
823	3.1582111436950147
824	3.160850439882698
825	3.1588465298142716
826	3.1558651026392965
827	3.156304985337243
828	3.1520527859237535
829	3.1507331378299117
830	3.152003910068426
831	3.1572336265884657
832	3.157038123167155
833	3.1546432062561096
834	3.155131964809384
835	3.1546432062561096
836	3.1602639296187687
837	3.1559139784946235
838	3.1596285434995113
839	3.15
840	3.1560606060606062
841	3.1600195503421307
842	3.156793743890518
843	3.1544477028347995
844	3.1556207233626585
845	3.15733137829912
846	3.156891495601173
847	3.154301075268817
848	3.1594819159335286
849	3.1593352883675463
850	3.1538123167155425
851	3.157673509286412
852	3.1509286412512214
853	3.1593352883675463
854	3.1551808406647117
855	3.1610948191593353
856	3.152101661779081
857	3.158015640273705
858	3.1528836754643206
859	3.156695992179863
860	3.1602639296187687
861	3.1537145650048877
862	3.152346041055719
863	3.1537145650048877
864	3.1520527859237535
865	3.158064516129032
866	3.1507331378299117
867	3.160948191593353
868	3.1565004887585535
869	3.152101661779081
870	3.1508308895405666
871	3.1603128054740957
872	3.153519061583578
873	3.1541055718475075
874	3.15347018572825
875	3.157673509286412
876	3.151759530791789
877	3.1509775171065497
878	3.1542033235581624
879	3.1548875855327467
880	3.1486803519061586
881	3.1482893450635383
882	3.1510263929618767
883	3.15405669599218
884	3.155034213098729
885	3.1512218963831864
886	3.1478983382209185
887	3.152346041055719
888	3.153519061583578
889	3.1517106549364615
890	3.1535679374389054
891	3.156402737047898
892	3.154985337243402
893	3.154301075268817
894	3.156109481915933
895	3.152003910068426
896	3.153763440860215
897	3.147653958944282
898	3.1525904203323556
899	3.1560606060606062
900	3.1555718475073316
901	3.153225806451613
902	3.149364613880743
903	3.149071358748778
904	3.1520527859237535
905	3.1517106549364615
906	3.150342130987292
907	3.15752688172043
908	3.1481915933528835
909	3.1499022482893455
910	3.155425219941349
911	3.147458455522972
912	3.155376344086022
913	3.157038123167155
914	3.150293255131965
915	3.1526881720430104
916	3.15752688172043
917	3.1507331378299117
918	3.1559139784946235
919	3.152639296187683
920	3.151368523949169
921	3.1538611925708695
922	3.144965786901271
923	3.146578690127077
924	3.1473118279569894
925	3.151124144672532
926	3.148484848484848
927	3.1535679374389054
928	3.1547898338220923
929	3.1509286412512214
930	3.1567448680351906
931	3.1560606060606062
932	3.1437927663734118
933	3.151906158357771
934	3.151857282502444
935	3.1495601173020527
936	3.1458944281524928
937	3.147947214076247
938	3.14535679374389
939	3.156402737047898
940	3.1550830889540564
941	3.153225806451613
942	3.154301075268817
943	3.148826979472141
944	3.1524926686217007
945	3.155034213098729
946	3.1604594330400784
947	3.153519061583578
948	3.153323558162268
949	3.1548875855327467
950	3.1578690127077222
951	3.1545454545454543
952	3.147360703812317
953	3.1499022482893455
954	3.1546432062561096
955	3.1520527859237535
956	3.1716031280547408
957	3.163343108504399
958	3.1763440860215053
959	3.162854349951124
960	3.163782991202346
961	3.1620234604105573
962	3.171505376344086
963	3.170185728250244
964	3.172434017595308
965	3.16544477028348
966	3.1695992179863146
967	3.16852394916911
968	3.1660312805474096
969	3.1736070381231674
970	3.1677419354838707
971	3.165493646138807
972	3.1725317693059627
973	3.159824046920821
974	3.1642717497556205
975	3.165493646138807
976	3.1709677419354834
977	3.169745845552297
978	3.1774193548387095
979	3.1789833822091884
980	3.170527859237537
981	3.181231671554252
982	3.181231671554252
983	3.1924242424242424
984	3.198093841642229
985	3.2204301075268815
986	3.236363636363636
987	3.2503421309872924
988	3.2651026392961877
989	3.275464320625611
990	3.288318670576735
991	3.285288367546432
992	3.2925708699902247
993	3.290224828934506
994	3.2904692082111437
995	3.2939882697947214
996	3.2953567937438906
997	3.297262952101662
998	3.2993157380254154
999	3.295894428152493
1000	3.288172043010753
1001	3.2973118279569893
1002	3.298924731182796
1003	3.2970185728250248
1004	3.29980449657869
1005	3.298533724340176
1006	3.2952101661779083
1007	3.294330400782014
1008	3.298826979472141
1009	3.295698924731183
1010	3.3050342130987294
1011	3.296774193548387
1012	3.2940371456500492
1013	3.2964320625610948
1014	3.2934995112414467
1015	3.291348973607038
1016	3.2891495601173024
1017	3.302688172043011
1018	3.285826001955034
1019	3.295992179863148
1020	3.2978494623655914
1021	3.2924242424242425
1022	3.2943792766373408
1023	3.2940371456500492
1024	3.29594330400782
1025	3.298778103616813
1026	3.2927174975562075
1027	3.2867546432062564
1028	3.2923264907135876
1029	3.2874877810361682
1030	3.293890518084066
1031	3.2875366568914957
1032	3.2914467253176927
1033	3.2979960899315737
1034	3.298875855327468
1035	3.291348973607038
1036	3.295894428152493
1037	3.2952590420332357
1038	3.2932551319648096
1039	3.2942815249266864
1040	3.2955034213098733
1041	3.2992179863147606
1042	3.2927174975562075
1043	3.296774193548387
1044	3.2967253176930598
1045	3.299657869012708
1046	3.298778103616813
1047	3.296089931573803
1048	3.292228739002933
1049	3.2916422287390033
1050	3.288318670576735
1051	3.297067448680352
1052	3.296383186705768
1053	3.2937927663734112
1054	3.292130987292278
1055	3.3006353861192568
1056	3.2935972629521015
1057	3.2909090909090915
1058	3.2919354838709673
1059	3.291837732160313
1060	3.2980938416422285
1061	3.297165200391007
1062	3.292228739002933
1063	3.2906158357771265
1064	3.291153470185728
1065	3.2870478983382205
1066	3.292130987292278
1067	3.2966275659824045
1068	3.2891495601173024
1069	3.2896871945259045
1070	3.290371456500489
1071	3.292375366568915
1072	3.297800586510264
1073	3.293841642228739
1074	3.295405669599218
1075	3.2929618768328446
1076	3.29227761485826
1077	3.2926686217008796
1078	3.2940371456500492
1079	3.292130987292278
1080	3.289882697947214
1081	3.2917399804496577
1082	3.2884164222873897
1083	3.293108504398827
1084	3.2931573802541543
1085	3.290518084066471
1086	3.2940371456500492
1087	3.2870967741935484
1088	3.2936950146627564
1089	3.2878299120234606
1090	3.291251221896383
1091	3.299169110459433
1092	3.2935972629521015
1093	3.2936950146627564
1094	3.2861192570869995
1095	3.289980449657869
1096	3.29208211143695
1097	3.289540566959922
1098	3.291104594330401
1099	3.298631476050831
1100	3.2821114369501467
1101	3.2937927663734112
1102	3.2880254154447703
1103	3.2932062561094817
1104	3.2906647116324534
1105	3.294868035190616
1106	3.2919354838709673
1107	3.2952590420332357
1108	3.2889051808406644
1109	3.288123167155425
1110	3.2943792766373408
1111	3.2952590420332357
1112	3.292130987292278
1113	3.297067448680352
1114	3.289345063538612
1115	3.2904203323558168
1116	3.287585532746823
1117	3.2867546432062564
1118	3.2891495601173024
1119	3.286656891495601
1120	3.2880254154447703
1121	3.2914467253176927
1122	3.2888563049853374
1123	3.2969208211143695
1124	3.294134897360704
1125	3.2860215053763446
1126	3.2917399804496577
1127	3.293010752688172
1128	3.288172043010753
1129	3.291837732160313
1130	3.2936950146627564
1131	3.29208211143695
1132	3.2853861192570872
1133	3.2873900293255134
1134	3.2820625610948193
1135	3.2853372434017594
1136	3.2879765395894434
1137	3.290273704789834
1138	3.29227761485826
1139	3.286559139784946
1140	3.2904203323558168
1141	3.286412512218964
1142	3.2904203323558168
1143	3.2867546432062564
1144	3.2899315738025416
1145	3.28455522971652
1146	3.2924242424242425
1147	3.286803519061584
1148	3.282893450635386
1149	3.2883675464320627
1150	3.285043988269795
1151	3.2842619745845556
1152	3.2900293255131965
1153	3.282649071358749
1154	3.2879276637341155
1155	3.287438905180841
1156	3.2887096774193547
1157	3.280645161290323
1158	3.288123167155425
1159	3.2906158357771265
1160	3.2856304985337244
1161	3.2810850439882695
1162	3.29208211143695
1163	3.2886119257087
1164	3.2859726295210163
1165	3.2817693059628543
1166	3.286314760508309
1167	3.2852394916911045
1168	3.2897849462365594
1169	3.2886608015640277
1170	3.285288367546432
1171	3.2957966764418383
1172	3.2878299120234606
1173	3.2822091886608016
1174	3.28919843597263
1175	3.280645161290323
1176	3.2823069403714564
1177	3.2852394916911045
1178	3.2831378299120235
1179	3.2872922776148585
1180	3.2845063538611927
1181	3.288123167155425
1182	3.2880742913000978
1183	3.2826001955034214
1184	3.2867546432062564
1185	3.2860703812316716
1186	3.2805962854349953
1187	3.288318670576735
1188	3.2862170087976543
1189	3.2826979472140763
1190	3.285581622678397
1191	3.2858748778103615
1192	3.2840664711632455
1193	3.291544477028348
1194	3.2857771260997066
1195	3.280058651026393
1196	3.2852394916911045
1197	3.2830889540566965
1198	3.286510263929619
1199	3.286559139784946
1200	3.2891006842619745
1201	3.276783968719452
1202	3.2791788856304986
1203	3.2804496578690125
1204	3.2782013685239497
1205	3.280156402737048
1206	3.2840175953079176
1207	3.2825024437927666
1208	3.2877810361681328
1209	3.2771749755620725
1210	3.2794721407624636
1211	3.2785434995112412
1212	3.2771749755620725
1213	3.276344086021506
1214	3.283626588465298
1215	3.2831378299120235
1216	3.2821603128054737
1217	3.283724340175953
1218	3.2830400782013687
1219	3.2856304985337244
1220	3.282795698924731
1221	3.2817693059628543
1222	3.276979472140763
1223	3.2804985337243404
1224	3.2818670576735096
1225	3.2807429130009775
1226	3.2802052785923754
1227	3.2804985337243404
1228	3.2809872922776147
1229	3.2849951124144674
1230	3.278005865102639
1231	3.276099706744868
1232	3.276344086021506
1233	3.286656891495601
1234	3.275268817204301
1235	3.2852394916911045
1236	3.2803519061583577
1237	3.280400782013685
1238	3.2754154447702835
1239	3.276979472140763
1240	3.278641251221896
1241	3.271358748778104
1242	3.2807429130009775
1243	3.2779569892473117
1244	3.280645161290323
1245	3.2801075268817206
1246	3.2804496578690125
1247	3.2727761485826004
1248	3.2810361681329425
1249	3.2821114369501467
1250	3.279423264907136
1251	3.2727761485826004
1252	3.2739002932551324
1253	3.2792277614858256
1254	3.2791788856304986
1255	3.279618768328446
1256	3.279912023460411
1257	3.276246334310851
1258	3.2771749755620725
1259	3.276783968719452
1260	3.280791788856305
1261	3.279618768328446
1262	3.2803519061583577
1263	3.2791788856304986
1264	3.2814760508308893
1265	3.274144672531769
1266	3.276783968719452
1267	3.275024437927664
1268	3.2825024437927666
1269	3.2807429130009775
1270	3.271554252199414
1271	3.2755620723362657
1272	3.2778103616813294
1273	3.2802052785923754
1274	3.274144672531769
1275	3.274242424242424
1276	3.278054740957967
1277	3.2785434995112412
1278	3.2821603128054737
1279	3.276979472140763
1280	3.2784457478005864
1281	3.2748778103616814
1282	3.277370478983382
1283	3.274095796676442
1284	3.2782502443792767
1285	3.274144672531769
1286	3.27336265884653
1287	3.2707233626588468
1288	3.277761485826002
1289	3.2756109481915936
1290	3.2797165200391003
1291	3.2756109481915936
1292	3.27702834799609
1293	3.2796676441837733
1294	3.2746823069403717
1295	3.2724828934506354
1296	3.269403714565005
1297	3.272091886608016
1298	3.26871945259042
1299	3.2738025415444776
1300	3.2753176930596286
1301	3.275464320625611
1302	3.271554252199414
1303	3.275122189638319
1304	3.269794721407625
1305	3.2757575757575763
1306	3.2719452590420337
1307	3.2719452590420337
1308	3.278641251221896
1309	3.2674975562072333
1310	3.272336265884653
1311	3.268621700879766
1312	3.2687683284457476
1313	3.2772238514174
1314	3.2687683284457476
1315	3.2753176930596286
1316	3.2755131964809383
1317	3.2745356793743894
1318	3.2740469208211143
1319	3.2711632453567936
1320	3.28088954056696
1321	3.274193548387097
1322	3.276979472140763
1323	3.26930596285435
1324	3.271603128054741
1325	3.2736559139784944
1326	3.270576735092864
1327	3.272727272727273
1328	3.272629521016618
1329	3.274584555229717
1330	3.273069403714565
1331	3.2720430107526886
1332	3.272873900293255
1333	3.269794721407625
1334	3.2695014662756603
1335	3.2725806451612907
1336	3.272629521016618
1337	3.271456500488759
1338	3.2701368523949172
1339	3.269794721407625
1340	3.2774682306940375
1341	3.265542521994135
1342	3.2721896383186704
1343	3.2726783968719455
1344	3.2745356793743894
1345	3.2695014662756603
1346	3.2772238514174
1347	3.2681329423264907
1348	3.2671554252199417
1349	3.270576735092864
1350	3.2757086999022484
1351	3.2739491691104594
1352	3.2653958944281527
1353	3.2695014662756603
1354	3.271260997067449
1355	3.2701857282502447
1356	3.26871945259042
1357	3.2701368523949172
1358	3.265004887585533
1359	3.270674486803519
1360	3.2726783968719455
1361	3.263245356793744
1362	3.2647605083088957
1363	3.269403714565005
1364	3.2688172043010755
1365	3.2699413489736067
1366	3.271065493646139
1367	3.2725806451612907
1368	3.2692570869990223
1369	3.2662756598240468
1370	3.270234604105572
1371	3.265786901270772
1372	3.2701368523949172
1373	3.2755620723362657
1374	3.268181818181818
1375	3.2670087976539586
1376	3.2635874877810362
1377	3.2651026392961877
1378	3.2674975562072333
1379	3.268328445747801
1380	3.2659824046920827
1381	3.270772238514174
1382	3.264516129032258
1383	3.263685239491691
1384	3.273264907135875
1385	3.268328445747801
1386	3.2717497556207236
1387	3.2673509286412514
1388	3.2688660801564025
1389	3.2624144672531767
1390	3.2674975562072333
1391	3.2716520039100687
1392	3.2671554252199417
1393	3.2680840664711632
1394	3.260410557184751
1395	3.269452590420332
1396	3.264809384164223
1397	3.267106549364614
1398	3.2665200391006843
1399	3.266324535679374
1400	3.2689149560117308
1401	3.267937438905181
1402	3.2621212121212118
1403	3.266666666666667
1404	3.2703812316715544
1405	3.2696480938416426
1406	3.2688660801564025
1407	3.2698924731182797
1408	3.268475073313783
1409	3.2616813294232654
1410	3.2691593352883674
1411	3.268572825024438
1412	3.266813294232649
1413	3.2639296187683287
1414	3.2732160312805476
1415	3.269452590420332
1416	3.260215053763441
1417	3.259872922776149
1418	3.2634897360703814
1419	3.264516129032258
1420	3.266422287390029
1421	3.2673509286412514
1422	3.2653470185728253
1423	3.267644183773216
1424	3.2675953079178885
1425	3.268328445747801
1426	3.2658846529814274
1427	3.270234604105572
1428	3.2639296187683287
1429	3.2661290322580645
1430	3.264125122189639
1431	3.2671554252199417
1432	3.2674975562072333
1433	3.2658357771261
1434	3.26197458455523
1435	3.2624144672531767
1436	3.254545454545455
1437	3.2624633431085046
1438	3.258260019550342
1439	3.259139784946237
1440	3.2596285434995114
1441	3.260117302052786
1442	3.2642717497556206
1443	3.2586999022482894
1444	3.2708211143695016
1445	3.2608015640273704
1446	3.2586021505376346
1447	3.2654936461388075
1448	3.26505376344086
1449	3.2634897360703814
1450	3.2674486803519063
1451	3.257624633431085
1452	3.262512218963832
1453	3.262023460410557
1454	3.2673020527859236
1455	3.2603616813294236
1456	3.2668621700879767
1457	3.262756598240469
1458	3.262267839687195
1459	3.257380254154448
1460	3.2659824046920827
1461	3.256500488758553
1462	3.2658846529814274
1463	3.2603128054740957
1464	3.259872922776149
1465	3.2608015640273704
1466	3.261925708699902
1467	3.263880742913001
1468	3.254154447702835
1469	3.260948191593353
1470	3.263782991202346
1471	3.2628543499511244
1472	3.2629521016617793
1473	3.2649560117302054
1474	3.2560606060606063
1475	3.260850439882698
1476	3.2599217986314764
1477	3.2586021505376346
1478	3.2615347018572822
1479	3.2553763440860215
1480	3.254203323558162
1481	3.259384164222874
1482	3.2628543499511244
1483	3.259237536656892
1484	3.260948191593353
1485	3.2558162267839688
1486	3.2606060606060607
1487	3.2653470185728253
1488	3.2535190615835776
1489	3.258846529814272
1490	3.2599706744868033
1491	3.257184750733138
1492	3.2560606060606063
1493	3.254985337243402
1494	3.2612414467253177
1495	3.2589442815249265
1496	3.2527370478983384
1497	3.258553274682307
1498	3.25752688172043
1499	3.255522971652004
1500	3.257820136852395
1501	3.2563049853372434
1502	3.2546432062561097
1503	3.2577712609970675
1504	3.259188660801564
1505	3.2550830889540565
1506	3.26197458455523
1507	3.2547898338220915
1508	3.25791788856305
1509	3.2639296187683287
1510	3.25791788856305
1511	3.2555718475073316
1512	3.2543010752688173
1513	3.2533724340175953
1514	3.25483870967742
1515	3.253323558162268
1516	3.2608993157380253
1517	3.2603128054740957
1518	3.254105571847507
1519	3.258553274682307
1520	3.2533724340175953
1521	3.255865102639296
1522	3.2594330400782017
1523	3.25752688172043
1524	3.2461388074291295
1525	3.2521505376344084
1526	3.2531769305962857
1527	3.2553763440860215
1528	3.2531769305962857
1529	3.2531280547409582
1530	3.2514173998044966
1531	3.258357771260997
1532	3.261045943304008
1533	3.256158357771261
1534	3.2520527859237536
1535	3.2615835777126105
1536	3.248924731182796
1537	3.2542521994134903
1538	3.254887585532747
1539	3.2572825024437932
1540	3.254349951124145
1541	3.252346041055718
1542	3.2523949169110464
1543	3.254349951124145
1544	3.2517106549364616
1545	3.254105571847507
1546	3.256256109481916
1547	3.252785923753666
1548	3.2561094819159337
1549	3.254398826979472
1550	3.256158357771261
1551	3.2539100684261975
1552	3.248924731182796
1553	3.251026392961877
1554	3.2597751710654936
1555	3.255425219941349
1556	3.252932551319648
1557	3.2540078201368523
1558	3.2521994134897363
1559	3.256158357771261
1560	3.249951124144673
1561	3.252639296187683
1562	3.2586999022482894
1563	3.255474095796677
1564	3.251564027370479
1565	3.255425219941349
1566	3.252639296187683
1567	3.253616813294233
1568	3.253225806451613
1569	3.252590420332356
1570	3.2488758553274684
1571	3.250684261974585
1572	3.251808406647117
1573	3.251564027370479
1574	3.247409579667644
1575	3.2547409579667645
1576	3.2581622678396873
1577	3.2483870967741932
1578	3.2569403714565004
1579	3.2547898338220915
1580	3.250537634408602
1581	3.251564027370479
1582	3.251319648093842
1583	3.2491691104594325
1584	3.2551319648093844
1585	3.24594330400782
1586	3.247214076246334
1587	3.2573313782991202
1588	3.2503421309872924
1589	3.244916911045943
1590	3.2524437927663734
1591	3.250537634408602
1592	3.251026392961877
1593	3.2521994134897363
1594	3.2550342130987295
1595	3.2511730205278595
1596	3.24980449657869
1597	3.2538123167155426
1598	3.2556695992179865
1599	3.251857282502444
1600	3.2488758553274684
1601	3.2566471163245354
1602	3.2447702834799608
1603	3.249462365591398
1604	3.250537634408602
1605	3.2570381231671552
1606	3.2438905180840663
1607	3.251026392961877
1608	3.25386119257087
1609	3.251564027370479
1610	3.2533724340175953
1611	3.2523949169110464
1612	3.251808406647117
1613	3.250684261974585
1614	3.247947214076246
1615	3.2507820136852397
1616	3.249462365591398
1617	3.249462365591398
1618	3.247214076246334
1619	3.2494134897360705
1620	3.2504887585532747
1621	3.2528836754643207
1622	3.2438416422287393
1623	3.2472629521016616
1624	3.2481427174975566
1625	3.2478005865102637
1626	3.2473607038123165
1627	3.2478005865102637
1628	3.245845552297165
1629	3.2478494623655916
1630	3.2516129032258063
1631	3.2481427174975566
1632	3.247605083088954
1633	3.244037145650049
1634	3.241446725317693
1635	3.2471652003910068
1636	3.243792766373411
1637	3.2469208211143696
1638	3.244819159335288
1639	3.2461388074291295
1640	3.2416911045943304
1641	3.2438416422287393
1642	3.2477517106549363
1643	3.2428641251221895
1644	3.248778103616813
1645	3.2538123167155426
1646	3.250048875855328
1647	3.248631476050831
1648	3.239198435972629
1649	3.248778103616813
1650	3.2414956011730207
1651	3.25
1652	3.2482893450635384
1653	3.2502443792766376
1654	3.2432551319648097
1655	3.251564027370479
1656	3.2479960899315734
1657	3.246774193548387
1658	3.244086021505376
1659	3.243939393939394
1660	3.248924731182796
1661	3.2503421309872924
1662	3.243792766373411
1663	3.2472629521016616
1664	3.24574780058651
1665	3.24574780058651
1666	3.2455034213098726
1667	3.2448680351906156
1668	3.246432062561095
1669	3.2478494623655916
1670	3.2443304007820135
1671	3.2465298142717494
1672	3.240664711632453
1673	3.24594330400782
1674	3.2435972629521013
1675	3.2496578690127076
1676	3.2507331378299122
1677	3.247605083088954
1678	3.2433040078201367
1679	3.244916911045943
1680	3.248924731182796
1681	3.2453567937438903
1682	3.2452590420332355
1683	3.2435483870967743
1684	3.2416422287390025
1685	3.2395405669599215
1686	3.245845552297165
1687	3.2480449657869013
1688	3.2402248289345064
1689	3.246969696969697
1690	3.238905180840664
1691	3.2426197458455523
1692	3.2413489736070376
1693	3.233724340175953
1694	3.239198435972629
1695	3.240909090909091
1696	3.231964809384164
1697	3.2370478983382207
1698	3.2412512218963827
1699	3.24594330400782
1700	3.2432551319648097
1701	3.248778103616813
1702	3.245014662756598
1703	3.242815249266862
1704	3.2481915933528835
1705	3.2441837732160312
1706	3.249315738025415
1707	3.241984359726295
1708	3.2403714565004886
1709	3.2426197458455523
1710	3.2462365591397844
1711	3.2420821114369502
1712	3.240127077223851
1713	3.2412023460410557
1714	3.2402248289345064
1715	3.244819159335288
1716	3.2412023460410557
1717	3.2408113391984363
1718	3.2438905180840663
1719	3.240127077223851
1720	3.2379276637341152
1721	3.2357771260997064
1722	3.238123167155425
1723	3.2405180840664713
1724	3.2397360703812317
1725	3.2338709677419355
1726	3.2446236559139785
1727	3.2325024437927663
1728	3.242766373411535
1729	3.2429618768328448
1730	3.241446725317693
1731	3.2392961876832844
1732	3.2432062561094814
1733	3.239882697947214
1734	3.2432551319648097
1735	3.243695014662756
1736	3.2382209188660798
1737	3.2360215053763444
1738	3.2347996089931574
1739	3.2360703812316713
1740	3.2413489736070376
1741	3.236265884652981
1742	3.239393939393939
1743	3.236510263929619
1744	3.241006842619746
1745	3.2431085043988266
1746	3.2383186705767346
1747	3.235092864125122
1748	3.2352394916911043
1749	3.2421309872922777
1750	3.236314760508309
1751	3.2367546432062557
1752	3.240762463343108
1753	3.244672531769306
1754	3.2353372434017595
1755	3.236217008797654
1756	3.232258064516129
1757	3.2390518084066473
1758	3.242424242424242
1759	3.2416911045943304
1760	3.2392961876832844
1761	3.2392961876832844
1762	3.2379276637341152
1763	3.2322091886608013
1764	3.239491691104594
1765	3.237096774193548
1766	3.236852394916911
1767	3.235288367546432
1768	3.2359726295210165
1769	3.2408602150537633
1770	3.2412512218963827
1771	3.2388074291300093
1772	3.236608015640274
1773	3.2387096774193544
1774	3.2392961876832844
1775	3.2387096774193544
1776	3.233333333333333
1777	3.2375366568914954
1778	3.230596285434995
1779	3.2455034213098726
1780	3.234457478005865
1781	3.2387096774193544
1782	3.233626588465298
1783	3.2324046920821115
1784	3.2415933528836756
1785	3.2379765395894426
1786	3.236363636363636
1787	3.2391006842619747
1788	3.237585532746823
1789	3.2302541544477026
1790	3.2297165200391005
1791	3.234848484848485
1792	3.235434995112415
1793	3.231964809384164
1794	3.230205278592375
1795	3.2316226783968722
1796	3.229227761485826
1797	3.2346041055718473
1798	3.2320136852394916
1799	3.2329912023460414
1800	3.2385630498533726
1801	3.2359726295210165
1802	3.228836754643206
1803	3.2349462365591397
1804	3.2350439882697946
1805	3.2352394916911043
1806	3.233382209188661
1807	3.232258064516129
1808	3.2403225806451617
1809	3.2367057673509287
1810	3.2396871945259043
1811	3.2290811339198435
1812	3.2309872922776144
1813	3.2341153470185726
1814	3.236608015640274
1815	3.232795698924731
1816	3.2307917888563047
1817	3.237243401759531
1818	3.2341153470185726
1819	3.2390029325513194
1820	3.2384652981427178
1821	3.2320625610948186
1822	3.2312805474095794
1823	3.233479960899316
1824	3.232453567937439
1825	3.2337732160312807
1826	3.2367546432062557
1827	3.228836754643206
1828	3.2338709677419355
1829	3.2353372434017595
1830	3.2379276637341152
1831	3.2343108504398823
1832	3.2328445747800587
1833	3.2364613880742907
1834	3.238367546432063
1835	3.2291300097751705
1836	3.23455522971652
1837	3.2281036168132946
1838	3.2346041055718473
1839	3.2356304985337245
1840	3.2338709677419355
1841	3.2297165200391005
1842	3.2350439882697946
1843	3.2293743890518085
1844	3.229178885630499
1845	3.2320625610948186
1846	3.2301564027370477
1847	3.233088954056696
1848	3.231867057673509
1849	3.2286412512218963
1850	3.233577712609971
1851	3.233479960899316
1852	3.227810361681329
1853	3.237390029325513
1854	3.231867057673509
1855	3.232453567937439
1856	3.2371945259042034
1857	3.2298142717497558
1858	3.2341642228739005
1859	3.229960899315738
1860	3.235190615835777
1861	3.2326490713587486
1862	3.2329912023460414
1863	3.23030303030303
1864	3.2278592375366566
1865	3.2327468230694034
1866	3.2268817204301077
1867	3.228836754643206
1868	3.2253665689149558
1869	3.228543499511241
1870	3.2416422287390025
1871	3.2359237536656895
1872	3.2300097751710655
1873	3.2267350928641254
1874	3.2325024437927663
1875	3.227272727272727
1876	3.233528836754643
1877	3.2304007820136853
1878	3.227468230694037
1879	3.2228250244379275
1880	3.231818181818182
1881	3.2301564027370477
1882	3.228836754643206
1883	3.232697947214076
1884	3.2293743890518085
1885	3.228885630498534
1886	3.2301075268817203
1887	3.224633431085044
1888	3.2244868035190617
1889	3.233675464320626
1890	3.2247311827956984
1891	3.2312316715542524
1892	3.2312805474095794
1893	3.225659824046921
1894	3.228690127077224
1895	3.2249755620723364
1896	3.2260997067448676
1897	3.2332844574780055
1898	3.224144672531769
1899	3.227126099706745
1900	3.2292766373411537
1901	3.229521016617791
1902	3.225904203323558
1903	3.228934506353861
1904	3.231476050830889
1905	3.2229227761485824
1906	3.2267350928641254
1907	3.232893450635386
1908	3.2341642228739005
1909	3.2281524926686216
1910	3.2249755620723364
1911	3.229569892473118
1912	3.231671554252199
1913	3.228739002932551
1914	3.229618768328445
1915	3.223509286412512
1916	3.2268328445747803
1917	3.2289833822091887
1918	3.23030303030303
1919	3.22741935483871
1920	3.2210654936461385
1921	3.2272238514173996
1922	3.233235581622678
1923	3.232258064516129
1924	3.2248289345063537
1925	3.2282502443792764
1926	3.2267350928641254
1927	3.2302541544477026
1928	3.2227272727272727
1929	3.2253176930596283
1930	3.2218475073313786
1931	3.227126099706745
1932	3.225171065493646
1933	3.2282991202346043
1934	3.229569892473118
1935	3.223216031280548
1936	3.225415444770283
1937	3.230205278592375
1938	3.230547409579668
1939	3.225171065493646
1940	3.223216031280548
1941	3.227908113391984
1942	3.2282991202346043
1943	3.2292766373411537
1944	3.223655913978494
1945	3.2302541544477026
1946	3.225855327468231
1947	3.2237047898338225
1948	3.2256109481915933
1949	3.226686217008797
1950	3.2268328445747803
1951	3.224633431085044
1952	3.22702834799609
1953	3.2254643206256106
1954	3.2280547409579667
1955	3.2260019550342127
1956	3.228201368523949
1957	3.220869990224829
1958	3.224144672531769
1959	3.2320625610948186
1960	3.2188172043010757
1961	3.2237536656891495
1962	3.2251221896383186
1963	3.2245356793743887
1964	3.225659824046921
1965	3.225904203323558
1966	3.2267839687194524
1967	3.2290811339198435
1968	3.2224340175953077
1969	3.2200879765395896
1970	3.2195503421309875
1971	3.2187683284457473
1972	3.2249755620723364
1973	3.228885630498534
1974	3.223607038123167
1975	3.225904203323558
1976	3.2233626588465296
1977	3.226930596285435
1978	3.2188172043010757
1979	3.2293743890518085
1980	3.2298142717497558
1981	3.219941348973607
1982	3.225855327468231
1983	3.2263929618768326
1984	3.2203323558162267
1985	3.223216031280548
1986	3.2207233626588465
1987	3.224926686217009
1988	3.2185728250244376
1989	3.2234604105571845
1990	3.2184261974584554
1991	3.2217497556207233
1992	3.2199902248289343
1993	3.22702834799609
1994	3.2298142717497558
1995	3.217986314760508
1996	3.2307917888563047
1997	3.22297165200391
1998	3.231476050830889
1999	3.221407624633431
2000	3.217741935483871
2001	3.22297165200391
2002	3.2324046920821115
2003	3.2214565004887588
2004	3.224340175953079
2005	3.2174975562072334
2006	3.2220918866080153
2007	3.222336265884653
2008	3.22316715542522
2009	3.222336265884653
2010	3.2294232649071355
2011	3.2235581622678393
2012	3.2248289345063537
2013	3.2225806451612904
2014	3.2272238514173996
2015	3.224633431085044
2016	3.22297165200391
2017	3.2181818181818183
2018	3.215689149560117
2019	3.2235581622678393
2020	3.2189149560117305
2021	3.2238514173998043
2022	3.2241935483870967
2023	3.2256109481915933
2024	3.225415444770283
2025	3.221114369501466
2026	3.225855327468231
2027	3.22297165200391
2028	3.219941348973607
2029	3.2250733137829912
2030	3.221407624633431
2031	3.2241935483870967
2032	3.216520039100684
2033	3.221358748778104
2034	3.2145650048875853
2035	3.2203323558162267
2036	3.229227761485826
2037	3.218475073313783
2038	3.215591397849462
2039	3.220234604105572
2040	3.222873900293255
2041	3.227810361681329
2042	3.2215542521994136
2043	3.2199902248289343
2044	3.222629521016618
2045	3.2217008797653954
2046	3.224046920821114
2047	3.216324535679374
2048	3.2170576735092866
2049	3.219403714565005
2050	3.2216031280547406
2051	3.2217986314760503
2052	3.2188172043010757
2053	3.222873900293255
2054	3.218328445747801
2055	3.225415444770283
2056	3.221407624633431
2057	3.22297165200391
2058	3.224389051808407
2059	3.220381231671554
2060	3.220136852394917
2061	3.2168621700879765
2062	3.227810361681329
2063	3.2215542521994136
2064	3.2169599217986318
2065	3.2217497556207233
2066	3.2180351906158355
2067	3.221114369501466
2068	3.2234115347018575
2069	3.2218963831867056
2070	3.219208211143695
2071	3.2149071358748778
2072	3.221260997067449
2073	3.221016617790811
2074	3.219403714565005
2075	3.2196969696969697
2076	3.2172531769305963
2077	3.2217497556207233
2078	3.2224340175953077
2079	3.2185728250244376
2080	3.21911045943304
2081	3.2218963831867056
2082	3.217546432062561
2083	3.2167644183773216
2084	3.219403714565005
2085	3.2167644183773216
2086	3.2169110459433035
2087	3.218084066471163
2088	3.217546432062561
2089	3.222336265884653
2090	3.217106549364614
2091	3.2226783968719452
2092	3.224340175953079
2093	3.2160312805474094
2094	3.2170576735092866
2095	3.2190127077223853
2096	3.2164222873900292
2097	3.2226783968719452
2098	3.2171554252199415
2099	3.214711632453568
2100	3.2223851417399803
2101	3.217106549364614
2102	3.2220918866080153
2103	3.219941348973607
2104	3.2190615835777123
2105	3.2174975562072334
2106	3.2149560117302047
2107	3.220039100684262
2108	3.2231182795698925
2109	3.2173020527859237
2110	3.2202834799608993
2111	3.220234604105572
2112	3.2198435972629516
2113	3.216226783968719
2114	3.220576735092864
2115	3.2189638318670575
2116	3.2126099706744866
2117	3.2237536656891495
2118	3.219599217986315
2119	3.218328445747801
2120	3.2187683284457473
2121	3.217644183773216
2122	3.2188172043010757
2123	3.216226783968719
2124	3.217448680351906
2125	3.220967741935484
2126	3.2253665689149558
2127	3.222531769305963
2128	3.220576735092864
2129	3.2221896383186706
2130	3.218328445747801
2131	3.223020527859237
2132	3.2215053763440857
2133	3.224340175953079
2134	3.220918866080156
2135	3.2160312805474094
2136	3.2253176930596283
2137	3.21911045943304
2138	3.2177908113391984
2139	3.2163734115347022
2140	3.2168621700879765
2141	3.2174975562072334
2142	3.2208211143695014
2143	3.2228250244379275
2144	3.224095796676442
2145	3.2174975562072334
2146	3.213685239491691
2147	3.219452590420332
2148	3.220136852394917
2149	3.2152981427174976
2150	3.216226783968719
2151	3.216568914956012
2152	3.217986314760508
2153	3.2186705767350925
2154	3.2201857282502444
2155	3.2207722385141744
2156	3.21950146627566
2157	3.215689149560117
2158	3.21524926686217
2159	3.2172043010752684
2160	3.216666666666667
2161	3.213636363636364
2162	3.211730205278592
2163	3.2218475073313786
2164	3.213489736070381
2165	3.2174975562072334
2166	3.2152003910068427
2167	3.2122189638318672
2168	3.219599217986315
2169	3.2111436950146626
2170	3.2158846529814276
2171	3.2187194525904204
2172	3.2130987292277613
2173	3.2198435972629516
2174	3.213049853372434
2175	3.2124633431085043
2176	3.216666666666667
2177	3.219354838709677
2178	3.2148582600195503
2179	3.2132453567937436
2180	3.2204301075268815
2181	3.213929618768329
2182	3.220869990224829
2183	3.2221896383186706
2184	3.213636363636364
2185	3.215591397849462
2186	3.2211632453567938
2187	3.212952101661779
2188	3.2150048875855326
2189	3.2095796676441832
2190	3.2172531769305963
2191	3.2138807429130005
2192	3.2141739980449655
2193	3.2155425219941347
2194	3.2200879765395896
2195	3.21080156402737
2196	3.210312805474096
2197	3.213343108504399
2198	3.213587487781036
2199	3.217399804496578
2200	3.2188660801564026
2201	3.2199902248289343
2202	3.2133919843597263
2203	3.2174975562072334
2204	3.2102150537634406
2205	3.219599217986315
2206	3.2173020527859237
2207	3.220039100684262
2208	3.208797653958944
2209	3.2185728250244376
2210	3.214711632453568
2211	3.2143206256109482
2212	3.2172043010752684
2213	3.2158846529814276
2214	3.2149560117302047
2215	3.21524926686217
2216	3.21080156402737
2217	3.210948191593353
2218	3.2197947214076246
2219	3.2115835777126103
2220	3.213196480938416
2221	3.2135386119257086
2222	3.210654936461388
2223	3.2131476050830887
2224	3.2132942326490714
2225	3.213049853372434
2226	3.2159335288367545
2227	3.2169110459433035
2228	3.21505376344086
2229	3.214369501466275
2230	3.21080156402737
2231	3.21177908113392
2232	3.2161290322580642
2233	3.2045454545454546
2234	3.21544477028348
2235	3.2094819159335284
2236	3.213929618768329
2237	3.2114858260019554
2238	3.2168132942326486
2239	3.2086510263929617
2240	3.214711632453568
2241	3.218475073313783
2242	3.2098240469208212
2243	3.210459433040078
2244	3.2175953079178887
2245	3.204398826979472
2246	3.2116324535679373
2247	3.210850439882698
2248	3.221016617790811
2249	3.2083577712609967
2250	3.213978494623656
2251	3.213587487781036
2252	3.213196480938416
2253	3.212952101661779
2254	3.217106549364614
2255	3.211681329423265
2256	3.2149071358748778
2257	3.207820136852395
2258	3.2097262952101664
2259	3.2095796676441832
2260	3.2138318670576735
2261	3.205229716520039
2262	3.2096774193548385
2263	3.210117302052786
2264	3.21446725317693
2265	3.2137341153470182
2266	3.2125122189638313
2267	3.210019550342131
2268	3.2111436950146626
2269	3.2093841642228735
2270	3.2103616813294233
2271	3.209139784946237
2272	3.2076735092864124
2273	3.206891495601173
2274	3.210117302052786
2275	3.2155425219941347
2276	3.2174975562072334
2277	3.209775171065494
2278	3.2120234604105566
2279	3.211876832844575
2280	3.2135386119257086
2281	3.206402737047898
2282	3.206109481915934
2283	3.208162267839687
2284	3.207184750733138
2285	3.211730205278592
2286	3.208260019550342
2287	3.205767350928641
2288	3.211925708699902
2289	3.208064516129032
2290	3.209090909090909
2291	3.2095796676441832
2292	3.207771260997067
2293	3.212658846529814
2294	3.2066959921798635
2295	3.20386119257087
2296	3.2146627565982406
2297	3.208260019550342
2298	3.2076735092864124
2299	3.2097262952101664
2300	3.202834799608993
2301	3.2151515151515153
2302	3.2089931573802537
2303	3.208895405669599
2304	3.2092864125122187
2305	3.215347018572825
2306	3.2088465298142714
2307	3.209042033235582
2308	3.2067937438905183
2309	3.2046920821114364
2310	3.2116324535679373
2311	3.2138318670576735
2312	3.205180840664711
2313	3.210850439882698
2314	3.2065982404692086
2315	3.206402737047898
2316	3.205327468230694
2317	3.2065493646138803
2318	3.20752688172043
2319	3.2106060606060605
2320	3.2151515151515153
2321	3.2018084066471166
2322	3.20425219941349
2323	3.201515151515151
2324	3.2132453567937436
2325	3.2085043988269795
2326	3.2103616813294233
2327	3.2094330400782014
2328	3.2132453567937436
2329	3.202492668621701
2330	3.206109481915934
2331	3.2047898338220917
2332	3.209188660801564
2333	3.2062561094819158
2334	3.209921798631476
2335	3.2063049853372436
2336	3.2078690127077225
2337	3.213049853372434
2338	3.2085043988269795
2339	3.2130009775171064
2340	3.20425219941349
2341	3.2088465298142714
2342	3.2116324535679373
2343	3.2132942326490714
2344	3.2081133919843596
2345	3.2111925708699904
2346	3.2050342130987293
2347	3.2022971652003913
2348	3.208455522971652
2349	3.2096774193548385
2350	3.2131476050830887
2351	3.2020039100684263
2352	3.2095796676441832
2353	3.2063049853372436
2354	3.2054740957966765
2355	3.2110459433040077
2356	3.2066959921798635
2357	3.2084066471163246
2358	3.205767350928641
2359	3.2044965786901267
2360	3.2052785923753664
2361	3.2062561094819158
2362	3.204398826979472
2363	3.2086021505376343
2364	3.2027370478983377
2365	3.205180840664711
2366	3.2055718475073314
2367	3.207429130009775
2368	3.2027370478983377
2369	3.2019550342130985
2370	3.207820136852395
2371	3.2003910068426196
2372	3.202590420332356
2373	3.204301075268817
2374	3.2044965786901267
2375	3.2081133919843596
2376	3.2039589442815246
2377	3.207282502443793
2378	3.20347018572825
2379	3.20752688172043
2380	3.2066959921798635
2381	3.2065493646138803
2382	3.1955034213098727
2383	3.208895405669599
2384	3.2104105571847508
2385	3.2049364613880744
2386	3.206158357771261
2387	3.2024437927663736
2388	3.1974584555229715
2389	3.2066471163245356
2390	3.1972629521016613
2391	3.2096774193548385
2392	3.2099706744868035
2393	3.2037145650048875
2394	3.208455522971652
2395	3.2045454545454546
2396	3.206891495601173
2397	3.208162267839687
2398	3.2016129032258065
2399	3.2020039100684263
2400	3.199071358748778
2401	3.2018572825024436
2402	3.205327468230694
2403	3.198631476050831
2404	3.2028836754643204
2405	3.198875855327468
2406	3.2032746823069402
2407	3.207184750733138
2408	3.2032746823069402
2409	3.2085532746823073
2410	3.207820136852395
2411	3.2010752688172044
2412	3.2028836754643204
2413	3.203372434017595
2414	3.203030303030303
2415	3.199071358748778
2416	3.201417399804497
2417	3.1983870967741934
2418	3.1972629521016613
2419	3.2003910068426196
2420	3.2002443792766373
2421	3.2074780058651027
2422	3.2007820136852394
2423	3.208895405669599
2424	3.203030303030303
2425	3.2023460410557183
2426	3.2027370478983377
2427	3.2019550342130985
2428	3.2020527859237533
2429	3.201270772238514
2430	3.1996578690127078
2431	3.2003910068426196
2432	3.1998044965786896
2433	3.198435972629521
2434	3.2005865102639297
2435	3.2031769305962854
2436	3.2002932551319643
2437	3.1959921798631474
2438	3.2008797653958942
2439	3.1990224828934504
2440	3.20713587487781
2441	3.200342130987292
2442	3.203225806451613
2443	3.2064516129032254
2444	3.1975073313782993
2445	3.193841642228739
2446	3.2005865102639297
2447	3.1975562072336268
2448	3.196676441837732
2449	3.204301075268817
2450	3.1999511241446728
2451	3.205180840664711
2452	3.2005376344086023
2453	3.2029325513196483
2454	3.197311827956989
2455	3.1983870967741934
2456	3.204154447702835
2457	3.2019061583577715
2458	3.198240469208211
2459	3.2048387096774196
2460	3.1954545454545453
2461	3.198435972629521
2462	3.203225806451613
2463	3.196969696969697
2464	3.2037145650048875
2465	3.200342130987292
2466	3.2027370478983377
2467	3.1939882697947213
2468	3.2030791788856305
2469	3.2008797653958942
2470	3.19960899315738
2471	3.202492668621701
2472	3.2019061583577715
2473	3.193304007820137
2474	3.1967741935483867
2475	3.1974095796676445
2476	3.2031769305962854
2477	3.2009286412512217
2478	3.1988269794721407
2479	3.195307917888563
2480	3.198338220918866
2481	3.2019550342130985
2482	3.1942815249266863
2483	3.197311827956989
2484	3.203372434017595
2485	3.1957478005865103
2486	3.2026392961876833
2487	3.198875855327468
2488	3.2059139784946233
2489	3.201417399804497
2490	3.1977517106549365
2491	3.1942815249266863
2492	3.196871945259042
2493	3.1992668621700884
2494	3.1931573802541546
2495	3.196823069403715
2496	3.2007820136852394
2497	3.198093841642229
2498	3.19594330400782
2499	3.2032746823069402
2500	3.2006842619745846
2501	3.1982893450635386
2502	3.2010263929618765
2503	3.19921798631476
2504	3.193548387096774
2505	3.19652981427175
2506	3.1986803519061584
2507	3.197849462365591
2508	3.1959921798631474
2509	3.2007820136852394
2510	3.2036168132942326
2511	3.1992668621700884
2512	3.200342130987292
2513	3.198093841642229
2514	3.191348973607038
2515	3.193939393939394
2516	3.201417399804497
2517	3.197311827956989
2518	3.198875855327468
2519	3.1972629521016613
2520	3.2011730205278592
2521	3.1974095796676445
2522	3.1904203323558162
2523	3.191153470185728
2524	3.19921798631476
2525	3.1974584555229715
2526	3.2011730205278592
2527	3.197653958944281
2528	3.195014662756598
2529	3.1977517106549365
2530	3.1970674486803516
2531	3.196041055718475
2532	3.1910068426197458
2533	3.1928641251221896
2534	3.1911045943304006
2535	3.198631476050831
2536	3.192961876832844
2537	3.1912023460410555
2538	3.199853372434018
2539	3.1975562072336268
2540	3.1933528836754643
2541	3.190371456500489
2542	3.197605083088954
2543	3.195161290322581
2544	3.2000488758553276
2545	3.1927174975562074
2546	3.1955522971652
2547	3.191544477028348
2548	3.2000488758553276
2549	3.1925708699902247
2550	3.1961876832844576
2551	3.1986803519061584
2552	3.1910068426197458
2553	3.1979960899315736
2554	3.1943792766373416
2555	3.1954545454545453
2556	3.19652981427175
2557	3.191055718475073
2558	3.1971163245356795
2559	3.1972629521016613
2560	3.1944770283479964
2561	3.1997067448680347
2562	3.192130987292278
2563	3.191055718475073
2564	3.1953567937438905
2565	3.1942326490713584
2566	3.1927174975562074
2567	3.1943792766373416
2568	3.1915933528836753
2569	3.1913978494623656
2570	3.1955034213098727
2571	3.1974584555229715
2572	3.198582600195503
2573	3.193450635386119
2574	3.1875855327468225
2575	3.193010752688172
2576	3.193743890518084
2577	3.1988269794721407
2578	3.193010752688172
2579	3.19208211143695
2580	3.1926197458455525
2581	3.191055718475073
2582	3.1940371456500487
2583	3.1955522971652
2584	3.1970674486803516
2585	3.1910068426197458
2586	3.19169110459433
2587	3.1944281524926685
2588	3.191642228739003
2589	3.1896383186705766
2590	3.199169110459433
2591	3.1924242424242424
2592	3.193548387096774
2593	3.1917399804496576
2594	3.199902248289345
2595	3.195845552297165
2596	3.1923264907135875
2597	3.1913978494623656
2598	3.1955034213098727
2599	3.1897849462365593
2600	3.194770283479961
2601	3.189882697947214
2602	3.2002443792766373
2603	3.1952101661779078
2604	3.191935483870968
2605	3.1941348973607036
2606	3.1907624633431086
2607	3.192033235581623
2608	3.1897849462365593
2609	3.1923753665689145
2610	3.1944281524926685
2611	3.1866080156402736
2612	3.1924731182795694
2613	3.1957966764418377
2614	3.1927663734115344
2615	3.18822091886608
2616	3.193646138807429
2617	3.1912023460410555
2618	3.189980449657869
2619	3.195307917888563
2620	3.194819159335288
2621	3.191544477028348
2622	3.1896383186705766
2623	3.1891984359726298
2624	3.1857771260997065
2625	3.1922776148582597
2626	3.182551319648094
2627	3.1851906158357775
2628	3.191788856304985
2629	3.1924731182795694
2630	3.1893450635386116
2631	3.191788856304985
2632	3.196578690127077
2633	3.191935483870968
2634	3.1946236559139782
2635	3.1886119257087
2636	3.1895894428152496
2637	3.1844086021505373
2638	3.1847996089931576
2639	3.1880742913000972
2640	3.1942326490713584
2641	3.191055718475073
2642	3.190909090909091
2643	3.19266862170088
2644	3.1848973607038125
2645	3.1880742913000972
2646	3.1850439882697943
2647	3.1892473118279567
2648	3.1875855327468225
2649	3.1878787878787875
2650	3.1922776148582597
2651	3.186119257086999
2652	3.1887096774193546
2653	3.1853372434017597
2654	3.1874877810361677
2655	3.191153470185728
2656	3.191348973607038
2657	3.1895894428152496
2658	3.187781036168133
2659	3.1906647116324534
2660	3.1962854349951124
2661	3.1913978494623656
2662	3.1826979472140757
2663	3.187683284457478
2664	3.1855327468230694
2665	3.187341153470186
2666	3.187194525904203
2667	3.1955034213098727
2668	3.1895894428152496
2669	3.193646138807429
2670	3.1874877810361677
2671	3.19208211143695
2672	3.189980449657869
2673	3.186412512218964
2674	3.1893939393939394
2675	3.1880254154447702
2676	3.1870967741935483
2677	3.188514173998045
2678	3.1909579667644183
2679	3.183479960899316
2680	3.186999022482893
2681	3.1836754643206255
2682	3.1940860215053766
2683	3.183382209188661
2684	3.1936950146627563
2685	3.1886119257087
2686	3.1859726295210167
2687	3.1857771260997065
2688	3.187976539589443
2689	3.186901270772238
2690	3.1879276637341154
2691	3.1832844574780057
2692	3.1888074291300095
2693	3.187683284457478
2694	3.1855327468230694
2695	3.19188660801564
2696	3.1886119257087
2697	3.1895894428152496
2698	3.185434995112414
2699	3.182453567937439
2700	3.184310850439883
2701	3.188123167155425
2702	3.182795698924731
2703	3.184310850439883
2704	3.182404692082111
2705	3.1879276637341154
2706	3.1883675464320627
2707	3.1934017595307918
2708	3.186265884652981
2709	3.1840664711632454
2710	3.1878299120234606
2711	3.18108504398827
2712	3.190811339198436
2713	3.184310850439883
2714	3.182111436950146
2715	3.182502443792766
2716	3.1867057673509285
2717	3.1800586510263926
2718	3.187683284457478
2719	3.183333333333333
2720	3.1759530791788855
2721	3.1835288367546433
2722	3.180449657869013
2723	3.1829912023460407
2724	3.186217008797654
2725	3.1849951124144673
2726	3.1893450635386116
2727	3.1808406647116323
2728	3.1757086999022484
2729	3.1831378299120234
2730	3.1867057673509285
2731	3.1837732160312804
2732	3.1861681329423264
2733	3.175073313782991
2734	3.186217008797654
2735	3.1836754643206255
2736	3.1847018572825028
2737	3.183724340175953
2738	3.1880742913000972
2739	3.186021505376344
2740	3.1868523949169107
2741	3.1836754643206255
2742	3.1847018572825028
2743	3.187976539589443
2744	3.1832355816226783
2745	3.187781036168133
2746	3.1840664711632454
2747	3.186901270772238
2748	3.1891006842619745
2749	3.183382209188661
2750	3.185874877810362
2751	3.1819159335288365
2752	3.179472140762463
2753	3.1806451612903226
2754	3.181720430107527
2755	3.1802052785923753
2756	3.1793743890518082
2757	3.1940860215053766
2758	3.1830400782013686
2759	3.1804985337243403
2760	3.180742913000977
2761	3.178103616813294
2762	3.1774193548387095
2763	3.182111436950146
2764	3.186510263929619
2765	3.1828934506353863
2766	3.1818670576735095
2767	3.1800586510263926
2768	3.186021505376344
2769	3.183822091886608
2770	3.185874877810362
2771	3.1831378299120234
2772	3.179765395894428
2773	3.1837732160312804
2774	3.1780058651026395
2775	3.180791788856305
2776	3.1806451612903226
2777	3.1809384164222876
2778	3.184310850439883
2779	3.177908113391984
2780	3.18108504398827
2781	3.1888074291300095
2782	3.1819159335288365
2783	3.1837732160312804
2784	3.1822091886608015
2785	3.1839687194525905
2786	3.181720430107527
2787	3.1847018572825028
2788	3.1742424242424243
2789	3.1817693059628542
2790	3.1839687194525905
2791	3.1837732160312804
2792	3.183626588465298
2793	3.18435972629521
2794	3.180987292277615
2795	3.180596285434995
2796	3.179618768328446
2797	3.183822091886608
2798	3.179032258064516
2799	3.1813782991202344
2800	3.1850439882697943
2801	3.1740957966764416
2802	3.182355816226784
2803	3.1817693059628542
2804	3.178396871945259
2805	3.1823069403714563
2806	3.1788856304985336
2807	3.186119257086999
2808	3.1818181818181817
2809	3.1826979472140757
2810	3.188123167155425
2811	3.180791788856305
2812	3.181622678396872
2813	3.1773704789833825
2814	3.1782502443792766
2815	3.182502443792766
2816	3.1804007820136855
2817	3.178934506353861
2818	3.1801075268817205
2819	3.179032258064516
2820	3.1851906158357775
2821	3.179765395894428
2822	3.182600195503421
2823	3.179423264907136
2824	3.183088954056696
2825	3.186119257086999
2826	3.1840664711632454
2827	3.174144672531769
2828	3.174682306940371
2829	3.179765395894428
2830	3.177956989247312
2831	3.176930596285435
2832	3.177956989247312
2833	3.182795698924731
2834	3.1800097751710656
2835	3.171407624633431
2836	3.1785434995112416
2837	3.181964809384164
2838	3.1757086999022484
2839	3.180791788856305
2840	3.1814760508308892
2841	3.1752688172043007
2842	3.185874877810362
2843	3.175171065493646
2844	3.179032258064516
2845	3.179814271749756
2846	3.1832844574780057
2847	3.1775171065493644
2848	3.182502443792766
2849	3.1806451612903226
2850	3.1814760508308892
2851	3.172140762463343
2852	3.1748778103616813
2853	3.181964809384164
2854	3.180742913000977
2855	3.1803519061583576
2856	3.174975562072336
2857	3.187683284457478
2858	3.1803030303030306
2859	3.180596285434995
2860	3.1768817204301074
2861	3.1791788856304986
2862	3.1788856304985336
2863	3.178103616813294
2864	3.1866080156402736
2865	3.178690127077224
2866	3.176001955034213
2867	3.1793743890518082
2868	3.1756109481915935
2869	3.1820136852394914
2870	3.1788856304985336
2871	3.1799608993157378
2872	3.175171065493646
2873	3.182453567937439
2874	3.185874877810362
2875	3.1841642228739
2876	3.177077223851417
2877	3.1774682306940374
2878	3.175171065493646
2879	3.179130009775171
2880	3.1765884652981424
2881	3.1848484848484846
2882	3.179325513196481
2883	3.177908113391984
2884	3.1724828934506357
2885	3.179423264907136
2886	3.1809384164222876
2887	3.1810361681329424
2888	3.173655913978495
2889	3.172922776148582
2890	3.1786412512218964
2891	3.1748778103616813
2892	3.1707233626588467
2893	3.1801564027370475
2894	3.1791788856304986
2895	3.1823069403714563
2896	3.1755131964809387
2897	3.1765884652981424
2898	3.174975562072336
2899	3.1805474095796673
2900	3.1810361681329424
2901	3.178054740957967
2902	3.1731182795698927
2903	3.180742913000977
2904	3.172140762463343
2905	3.179325513196481
2906	3.1808406647116323
2907	3.178690127077224
2908	3.1820136852394914
2909	3.1841153470185732
2910	3.1773704789833825
2911	3.1733137829912024
2912	3.1764907135874876
2913	3.177077223851417
2914	3.177956989247312
2915	3.1773704789833825
2916	3.1792766373411534
2917	3.176197458455523
2918	3.1753665689149555
2919	3.179130009775171
2920	3.1792277614858264
2921	3.1746334310850437
2922	3.176735092864125
2923	3.171505376344086
2924	3.170527859237537
2925	3.1787878787878787
2926	3.1765884652981424
2927	3.1745356793743893
2928	3.173655913978495
2929	3.1775171065493644
2930	3.17644183773216
2931	3.177908113391984
2932	3.176295210166178
2933	3.174975562072336
2934	3.1763929618768327
2935	3.178592375366569
2936	3.1762463343108505
2937	3.1734115347018568
2938	3.1774682306940374
2939	3.1774682306940374
2940	3.175806451612903
2941	3.1808406647116323
2942	3.1762463343108505
2943	3.177663734115347
2944	3.175122189638319
2945	3.1785434995112416
2946	3.1734115347018568
2947	3.172140762463343
2948	3.177810361681329
2949	3.1710654936461387
2950	3.1770283479960897
2951	3.1710654936461387
2952	3.1743401759530796
2953	3.173655913978495
2954	3.173802541544477
2955	3.1748778103616813
2956	3.1752688172043007
2957	3.1774193548387095
2958	3.1762463343108505
2959	3.1742913000977517
2960	3.172091886608016
2961	3.1742913000977517
2962	3.1736070381231674
2963	3.16930596285435
2964	3.178934506353861
2965	3.168475073313783
2966	3.164320625610948
2967	3.1695014662756598
2968	3.1763929618768327
2969	3.171896383186706
2970	3.1738514173998045
2971	3.1738514173998045
2972	3.1727272727272724
2973	3.176539589442815
2974	3.1745356793743893
2975	3.1734115347018568
2976	3.170527859237537
2977	3.1726295210166175
2978	3.170136852394917
2979	3.1717008797653956
2980	3.170576735092864
2981	3.1629521016617788
2982	3.1706744868035193
2983	3.1752688172043007
2984	3.171896383186706
2985	3.179667644183773
2986	3.173900293255132
2987	3.16911045943304
2988	3.167546432062561
2989	3.175073313782991
2990	3.16911045943304
2991	3.170527859237537
2992	3.174682306940371
2993	3.1649071358748775
2994	3.1671065493646138
2995	3.1684261974584556
2996	3.1692082111436948
2997	3.1725317693059627
2998	3.175464320625611
2999	3.171505376344086
3000	3.1713587487781036
3001	3.1704301075268817
3002	3.1690615835777125
3003	3.1739491691104593
3004	3.168866080156403
3005	3.1686217008797652
3006	3.1704789833822087
3007	3.175415444770284
3008	3.169550342130987
3009	3.1725317693059627
3010	3.169843597262952
3011	3.1757086999022484
3012	3.1723362658846526
3013	3.170625610948192
3014	3.173802541544477
3015	3.172385141739981
3016	3.1716031280547408
3017	3.170136852394917
3018	3.1697947214076243
3019	3.1757086999022484
3020	3.168768328445748
3021	3.171407624633431
3022	3.171505376344086
3023	3.164076246334311
3024	3.1770283479960897
3025	3.177956989247312
3026	3.167644183773216
3027	3.1713587487781036
3028	3.1748289345063543
3029	3.1764907135874876
3030	3.1704789833822087
3031	3.170576735092864
3032	3.173704789833822
3033	3.1695992179863146
3034	3.1649071358748775
3035	3.166373411534702
3036	3.170527859237537
3037	3.168866080156403
3038	3.173704789833822
3039	3.1691593352883674
3040	3.1724828934506357
3041	3.1714565004887585
3042	3.169745845552297
3043	3.1673020527859235
3044	3.161925708699902
3045	3.1676930596285438
3046	3.1722385141739977
3047	3.174682306940371
3048	3.170283479960899
3049	3.171163245356794
3050	3.1666666666666665
3051	3.1706744868035193
3052	3.174975562072336
3053	3.1661290322580644
3054	3.1649071358748775
3055	3.1757086999022484
3056	3.1688172043010754
3057	3.1717008797653956
3058	3.1695014662756598
3059	3.1657869012707724
3060	3.1710166177908112
3061	3.168475073313783
3062	3.16930596285435
3063	3.1630009775171066
3064	3.169012707722385
3065	3.172385141739981
3066	3.1739980449657867
3067	3.1635386119257087
3068	3.172091886608016
3069	3.1631964809384168
3070	3.1728250244379272
3071	3.1717497556207235
3072	3.1658357771261
3073	3.1729716520039104
3074	3.170332355816227
3075	3.166471163245357
3076	3.1730694037145653
3077	3.165689149560117
3078	3.1691593352883674
3079	3.1725317693059627
3080	3.1679863147605083
3081	3.1681329423264906
3082	3.1696480938416425
3083	3.1631964809384168
3084	3.1706744868035193
3085	3.1657869012707724
3086	3.1700391006842623
3087	3.167595307917889
3088	3.1674486803519057
3089	3.1651515151515155
3090	3.1734604105571846
3091	3.1695992179863146
3092	3.1652003910068425
3093	3.1626099706744872
3094	3.1730694037145653
3095	3.164076246334311
3096	3.1660801564027365
3097	3.1657869012707724
3098	3.170576735092864
3099	3.166813294232649
3100	3.1676930596285438
3101	3.170576735092864
3102	3.1696969696969695
3103	3.1699413489736075
3104	3.164222873900293
3105	3.166471163245357
3106	3.1652003910068425
3107	3.1679374389051804
3108	3.1607526881720434
3109	3.1643695014662754
3110	3.1650537634408606
3111	3.1649071358748775
3112	3.1663245356793746
3113	3.1722385141739977
3114	3.1626099706744872
3115	3.1630498533724336
3116	3.16158357771261
3117	3.1737536656891496
3118	3.164711632453568
3119	3.165493646138807
3120	3.1622678396871944
3121	3.166617790811339
3122	3.1632942326490716
3123	3.1652003910068425
3124	3.1676930596285438
3125	3.1663245356793746
3126	3.1652981427174973
3127	3.1726783968719454
3128	3.1614369501466277
3129	3.1689149560117302
3130	3.1602639296187687
3131	3.165884652981427
3132	3.1676930596285438
3133	3.1640273704789834
3134	3.164711632453568
3135	3.1637341153470184
3136	3.1650048875855323
3137	3.165738025415445
3138	3.171505376344086
3139	3.1667644183773214
3140	3.164711632453568
3141	3.1668621700879767
3142	3.160850439882698
3143	3.1680351906158353
3144	3.1689638318670577
3145	3.1623167155425222
3146	3.1689638318670577
3147	3.165493646138807
3148	3.162903225806452
3149	3.164076246334311
3150	3.1624144672531767
3151	3.168230694037146
3152	3.1726783968719454
3153	3.1679374389051804
3154	3.1578201368523953
3155	3.167546432062561
3156	3.1641251221896383
3157	3.169012707722385
3158	3.16930596285435
3159	3.1661290322580644
3160	3.170625610948192
3161	3.160703812316715
3162	3.1651515151515155
3163	3.1680840664711636
3164	3.1670576735092864
3165	3.1714565004887585
3166	3.1599706744868032
3167	3.1677419354838707
3168	3.1593841642228737
3169	3.162512218963832
3170	3.1646627565982404
3171	3.1670087976539594
3172	3.159188660801564
3173	3.1626099706744872
3174	3.1660801564027365
3175	3.1681818181818184
3176	3.1644672531769307
3177	3.1652003910068425
3178	3.1681818181818184
3179	3.1643695014662754
3180	3.1667644183773214
3181	3.1611436950146627
3182	3.1682795698924733
3183	3.1577223851417404
3184	3.1623167155425222
3185	3.1657869012707724
3186	3.162463343108504
3187	3.158406647116325
3188	3.1666666666666665
3189	3.1596285434995113
3190	3.1629521016617788
3191	3.164320625610948
3192	3.1624144672531767
3193	3.1631964809384168
3194	3.1593352883675463
3195	3.1682795698924733
3196	3.1700391006842623
3197	3.1666666666666665
3198	3.164613880742913
3199	3.160654936461388
3200	3.167497556207234
3201	3.1634408602150534
3202	3.1632453567937437
3203	3.16060606060606
3204	3.158015640273705
3205	3.1586999022482893
3206	3.1651026392961876
3207	3.1677419354838707
3208	3.1662267839687193
3209	3.16099706744868
3210	3.1574780058651024
3211	3.1635386119257087
3212	3.165347018572825
3213	3.1616324535679374
3214	3.1634897360703813
3215	3.1622678396871944
3216	3.1638318670576737
3217	3.1577712609970674
3218	3.1630009775171066
3219	3.163685239491691
3220	3.1670576735092864
3221	3.1596285434995113
3222	3.1718475073313783
3223	3.1600684261974585
3224	3.1613880742913003
3225	3.1527859237536653
3226	3.162561094819159
3227	3.162512218963832
3228	3.16564027370479
3229	3.1673020527859235
3230	3.1635386119257087
3231	3.160850439882698
3232	3.163978494623656
3233	3.156891495601173
3234	3.162854349951124
3235	3.163587487781036
3236	3.1559628543499514
3237	3.1587487781036163
3238	3.164222873900293
3239	3.1591397849462366
3240	3.1641251221896383
3241	3.1622678396871944
3242	3.157038123167155
3243	3.158797653958944
3244	3.1611925708699897
3245	3.161290322580645
3246	3.1569403714565003
3247	3.1620723362658847
3248	3.159677419354839
3249	3.1611925708699897
3250	3.16060606060606
3251	3.1638318670576737
3252	3.1631964809384168
3253	3.158944281524927
3254	3.165347018572825
3255	3.1586999022482893
3256	3.1622678396871944
3257	3.1612414467253176
3258	3.160948191593353
3259	3.16060606060606
3260	3.161290322580645
3261	3.158895405669599
3262	3.1541055718475075
3263	3.1608015640273703
3264	3.1599706744868032
3265	3.1582111436950147
3266	3.160654936461388
3267	3.158944281524927
3268	3.158162267839687
3269	3.1582600195503416
3270	3.1617302052785923
3271	3.160703812316715
3272	3.158406647116325
3273	3.158455522971652
3274	3.1586999022482893
3275	3.1644672531769307
3276	3.161290322580645
3277	3.1597751710654935
3278	3.1565004887585535
3279	3.1611925708699897
3280	3.158895405669599
3281	3.1565982404692083
3282	3.1603128054740957
3283	3.156402737047898
3284	3.154007820136852
3285	3.1582600195503416
3286	3.1612414467253176
3287	3.156256109481916
3288	3.156891495601173
3289	3.1595307917888564
3290	3.15752688172043
3291	3.1572336265884657
3292	3.1586021505376345
3293	3.165542521994135
3294	3.158357771260997
3295	3.161290322580645
3296	3.160166177908114
3297	3.1630987292277615
3298	3.160850439882698
3299	3.153616813294233
3300	3.158651026392962
3301	3.160850439882698
3302	3.1501955034213096
3303	3.1596285434995113
3304	3.159433040078201
3305	3.15830889540567
3306	3.1649560117302054
3307	3.1600684261974585
3308	3.1596285434995113
3309	3.165542521994135
3310	3.1573802541544476
3311	3.1562072336265885
3312	3.162707722385142
3313	3.155425219941349
3314	3.1591397849462366
3315	3.1615347018572826
3316	3.1611436950146627
3317	3.1574780058651024
3318	3.1597751710654935
3319	3.162854349951124
3320	3.1604594330400784
3321	3.1507820136852396
3322	3.162658846529814
3323	3.1552297165200387
3324	3.1604594330400784
3325	3.1556207233626585
3326	3.159726295210166
3327	3.158651026392962
3328	3.1539100684261974
3329	3.1569403714565003
3330	3.156109481915933
3331	3.1541055718475075
3332	3.1669599217986315
3333	3.1577223851417404
3334	3.1604105571847505
3335	3.153372434017595
3336	3.158162267839687
3337	3.1612414467253176
3338	3.159921798631476
3339	3.159872922776149
3340	3.1525415444770286
3341	3.155278592375367
3342	3.152346041055719
3343	3.154398826979472
3344	3.1515151515151514
3345	3.1544477028347995
3346	3.1574291300097754
3347	3.1569892473118277
3348	3.159824046920821
3349	3.1572336265884657
3350	3.1604594330400784
3351	3.1529325513196484
3352	3.1572825024437927
3353	3.158797653958944
3354	3.1557673509286412
3355	3.158015640273705
3356	3.153616813294233
3357	3.1550830889540564
3358	3.157038123167155
3359	3.1547409579667645
3360	3.154007820136852
3361	3.1545943304007817
3362	3.153763440860215
3363	3.159726295210166
3364	3.1511730205278594
3365	3.158455522971652
3366	3.1554740957966767
3367	3.1573802541544476
3368	3.151857282502444
3369	3.152297165200391
3370	3.1565982404692083
3371	3.160948191593353
3372	3.155131964809384
3373	3.1546432062561096
3374	3.158357771260997
3375	3.1495601173020527
3376	3.1547898338220923
3377	3.1592375366568914
3378	3.148435972629521
3379	3.1567448680351906
3380	3.1537145650048877
3381	3.1569403714565003
3382	3.1554740957966767
3383	3.1559139784946235
3384	3.158651026392962
3385	3.1578201368523953
3386	3.1593841642228737
3387	3.1545943304007817
3388	3.1495601173020527
3389	3.157038123167155
3390	3.155131964809384
3391	3.156891495601173
3392	3.1556695992179864
3393	3.1520527859237535
3394	3.154154447702835
3395	3.1587487781036163
3396	3.1516129032258067
3397	3.148338220918866
3398	3.1494134897360704
3399	3.1557184750733134
3400	3.1482893450635383
3401	3.158015640273705
3402	3.1564516129032256
3403	3.1544477028347995
3404	3.16060606060606
3405	3.152639296187683
3406	3.155376344086022
3407	3.1562072336265885
3408	3.15327468230694
3409	3.159677419354839
3410	3.1550830889540564
3411	3.1589931573802543
3412	3.154692082111437
3413	3.150244379276637
3414	3.154496578690127
3415	3.1479960899315738
3416	3.1556207233626585
3417	3.1490224828934505
3418	3.153128054740958
3419	3.1530303030303033
3420	3.15327468230694
3421	3.1562072336265885
3422	3.1527859237536653
3423	3.1556695992179864
3424	3.155425219941349
3425	3.1508308895405666
3426	3.1562072336265885
3427	3.151564027370479
3428	3.152199413489736
3429	3.152639296187683
3430	3.151417399804496
3431	3.151906158357771
3432	3.1496578690127075
3433	3.1568426197458455
3434	3.155278592375367
3435	3.1517106549364615
3436	3.1530303030303033
3437	3.14960899315738
3438	3.1510752688172046
3439	3.1634408602150534
3440	3.1517106549364615
3441	3.148435972629521
3442	3.1489247311827957
3443	3.1530791788856303
3444	3.150097751710655
3445	3.1500488758553273
3446	3.154154447702835
3447	3.1548875855327467
3448	3.1542033235581624
3449	3.158895405669599
3450	3.15
3451	3.1474095796676442
3452	3.1519550342130986
3453	3.1500488758553273
3454	3.153519061583578
3455	3.1538123167155425
3456	3.1471652003910067
3457	3.1515151515151514
3458	3.149755620723363
3459	3.1508308895405666
3460	3.1527859237536653
3461	3.150146627565982
3462	3.152003910068426
3463	3.156256109481916
3464	3.1557673509286412
3465	3.1515151515151514
3466	3.1555229716520037
3467	3.1512218963831864
3468	3.153519061583578
3469	3.1524926686217007
3470	3.1513196480938417
3471	3.1486803519061586
3472	3.156402737047898
3473	3.1493157380254155
3474	3.152394916911046
3475	3.150635386119257
3476	3.154007820136852
3477	3.1509775171065497
3478	3.1517106549364615
3479	3.1552297165200387
3480	3.1550830889540564
3481	3.1515151515151514
3482	3.150293255131965
3483	3.155278592375367
3484	3.1481915933528835
3485	3.1488758553274683
3486	3.1481915933528835
3487	3.1515151515151514
3488	3.1485337243401763
3489	3.1500488758553273
3490	3.1547898338220923
3491	3.1488758553274683
3492	3.147947214076247
3493	3.15791788856305
3494	3.1466275659824046
3495	3.1539100684261974
3496	3.150146627565982
3497	3.1537145650048877
3498	3.1558651026392965
3499	3.1491202346041054
3500	3.1490224828934505
3501	3.154301075268817
3502	3.151466275659824
3503	3.150488758553275
3504	3.150488758553275
3505	3.1464809384164223
3506	3.1507820136852396
3507	3.147507331378299
3508	3.151417399804496
3509	3.143597262952101
3510	3.149706744868035
3511	3.1499022482893455
3512	3.15058651026393
3513	3.151661779081134
3514	3.1542521994134898
3515	3.1485337243401763
3516	3.1569892473118277
3517	3.1494134897360704
3518	3.1517106549364615
3519	3.148729227761486
3520	3.1494134897360704
3521	3.1475562072336265
3522	3.147947214076247
3523	3.1458944281524928
3524	3.1395894428152493
3525	3.1574291300097754
3526	3.1508797653958944
3527	3.146676441837732
3528	3.1516129032258067
3529	3.1572825024437927
3530	3.1511730205278594
3531	3.1461876832844577
3532	3.1521505376344083
3533	3.150537634408602
3534	3.1417399804496577
3535	3.150293255131965
3536	3.1508797653958944
3537	3.1463831867057674
3538	3.148729227761486
3539	3.149364613880743
3540	3.1577223851417404
3541	3.1528347996089936
3542	3.14574780058651
3543	3.148778103616813
3544	3.1515151515151514
3545	3.152297165200391
3546	3.1478983382209185
3547	3.1461876832844577
3548	3.144965786901271
3549	3.152101661779081
3550	3.1491202346041054
3551	3.1518084066471164
3552	3.144183773216031
3553	3.1480449657869016
3554	3.14613880742913
3555	3.1481915933528835
3556	3.1420332355816227
3557	3.1473118279569894
3558	3.146578690127077
3559	3.1428641251221894
3560	3.1513196480938417
3561	3.149755620723363
3562	3.1509286412512214
3563	3.1486803519061586
3564	3.1488758553274683
3565	3.1471652003910067
3566	3.142766373411535
3567	3.1471163245356792
3568	3.1465298142717493
3569	3.15039100684262
3570	3.1515151515151514
3571	3.149071358748778
3572	3.145307917888563
3573	3.1465298142717493
3574	3.1485337243401763
3575	3.1499511241446725
3576	3.146871945259042
3577	3.15
3578	3.1488758553274683
3579	3.15
3580	3.1485337243401763
3581	3.1421309872922776
3582	3.144183773216031
3583	3.1466275659824046
3584	3.14960899315738
3585	3.145698924731183
3586	3.1459433040078197
3587	3.1436461388074295
3588	3.1434995112414463
3589	3.147067448680352
3590	3.1495601173020527
3591	3.1495112414467252
3592	3.152199413489736
3593	3.1499511241446725
3594	3.1482404692082113
3595	3.143206256109482
3596	3.1449169110459434
3597	3.1450146627565987
3598	3.147947214076247
3599	3.146969696969697
3600	3.141300097751711
3601	3.1474095796676442
3602	3.1477028347996088
3603	3.147653958944282
3604	3.1545943304007817
3605	3.1450146627565987
3606	3.1471652003910067
3607	3.148484848484848
3608	3.1507331378299117
3609	3.1530791788856303
3610	3.1485337243401763
3611	3.1434017595307915
3612	3.146969696969697
3613	3.1507331378299117
3614	3.1528347996089936
3615	3.148387096774193
3616	3.1480449657869016
3617	3.142717497556207
3618	3.1526881720430104
3619	3.152003910068426
3620	3.1508797653958944
3621	3.14672531769306
3622	3.1466275659824046
3623	3.145698924731183
3624	3.1445259042033236
3625	3.1500488758553273
3626	3.141544477028348
3627	3.149706744868035
3628	3.1450146627565987
3629	3.1496578690127075
3630	3.1393450635386118
3631	3.145405669599218
3632	3.1447702834799607
3633	3.1442815249266864
3634	3.147507331378299
3635	3.1463343108504396
3636	3.1452101661779084
3637	3.1446236559139784
3638	3.1434017595307915
3639	3.1480938416422286
3640	3.146871945259042
3641	3.144965786901271
3642	3.1528836754643206
3643	3.139540566959922
3644	3.15405669599218
3645	3.1485826001955033
3646	3.1455034213098734
3647	3.14613880742913
3648	3.143206256109482
3649	3.147947214076247
3650	3.145796676441838
3651	3.1468230694037147
3652	3.1425708699902253
3653	3.1408113391984362
3654	3.143157380254155
3655	3.1423753665689147
3656	3.1434995112414463
3657	3.1471163245356792
3658	3.1423264907135873
3659	3.1432551319648097
3660	3.136852394916911
3661	3.1434995112414463
3662	3.1399315738025413
3663	3.15
3664	3.1430596285435
3665	3.1459921798631476
3666	3.146676441837732
3667	3.1443792766373413
3668	3.1402248289345063
3669	3.141104594330401
3670	3.1434017595307915
3671	3.1434017595307915
3672	3.1443792766373413
3673	3.1488758553274683
3674	3.1451612903225805
3675	3.143108504398827
3676	3.1467741935483873
3677	3.138905180840665
3678	3.1471652003910067
3679	3.140127077223852
3680	3.1475562072336265
3681	3.1496578690127075
3682	3.1472629521016615
3683	3.1485337243401763
3684	3.1407624633431084
3685	3.1443792766373413
3686	3.14535679374389
3687	3.1442815249266864
3688	3.148631476050831
3689	3.144183773216031
3690	3.1433040078201366
3691	3.149755620723363
3692	3.14672531769306
3693	3.1407624633431084
3694	3.144183773216031
3695	3.1408602150537632
3696	3.145307917888563
3697	3.1513196480938417
3698	3.1466275659824046
3699	3.144868035190616
3700	3.1416422287390025
3701	3.14613880742913
3702	3.14227761485826
3703	3.1434506353861194
3704	3.1425708699902253
3705	3.1430596285435
3706	3.1416911045943303
3707	3.142179863147605
3708	3.148484848484848
3709	3.146676441837732
3710	3.148729227761486
3711	3.1447702834799607
3712	3.145845552297165
3713	3.141935483870968
3714	3.1452101661779084
3715	3.1461876832844577
3716	3.1439882697947215
3717	3.14535679374389
3718	3.1443792766373413
3719	3.143206256109482
3720	3.1467741935483873
3721	3.147947214076247
3722	3.147751710654936
3723	3.139540566959922
3724	3.1464809384164223
3725	3.141104594330401
3726	3.1463343108504396
3727	3.140909090909091
3728	3.1363147605083093
3729	3.1416422287390025
3730	3.139442815249267
3731	3.1377321603128054
3732	3.1430596285435
3733	3.1439882697947215
3734	3.144037145650049
3735	3.1371945259042033
3736	3.136119257086999
3737	3.144330400782014
3738	3.143157380254155
3739	3.139051808406647
3740	3.1447214076246333
3741	3.1452101661779084
3742	3.140957966764418
3743	3.144965786901271
3744	3.1482404692082113
3745	3.1399315738025413
3746	3.144086021505376
3747	3.137487781036168
3748	3.1441348973607037
3749	3.1392961876832843
3750	3.1451612903225805
3751	3.1470185728250244
3752	3.1442815249266864
3753	3.1416422287390025
3754	3.137292277614858
3755	3.13841642228739
3756	3.13822091886608
3757	3.136559139784946
3758	3.1391006842619746
3759	3.147605083088954
3760	3.1416422287390025
3761	3.1437438905180843
3762	3.1423264907135873
3763	3.145698924731183
3764	3.141544477028348
3765	3.141251221896383
3766	3.140127077223852
3767	3.145698924731183
3768	3.139442815249267
3769	3.142179863147605
3770	3.1386119257086995
3771	3.1399315738025413
3772	3.1376832844574785
3773	3.148435972629521
3774	3.14208211143695
3775	3.139784946236559
3776	3.1406647116324535
3777	3.143890518084066
3778	3.144086021505376
3779	3.141935483870968
3780	3.143890518084066
3781	3.1434995112414463
3782	3.1434017595307915
3783	3.14227761485826
3784	3.1392961876832843
3785	3.1423753665689147
3786	3.1510263929618767
3787	3.1393939393939396
3788	3.141251221896383
3789	3.1403714565004885
3790	3.1465298142717493
3791	3.1425708699902253
3792	3.138905180840665
3793	3.1437927663734118
3794	3.1413978494623658
3795	3.1416422287390025
3796	3.1423264907135873
3797	3.137927663734115
3798	3.1461876832844577
3799	3.1482404692082113
3800	3.1437927663734118
3801	3.14208211143695
3802	3.1422287390029324
3803	3.144183773216031
3804	3.1430596285435
3805	3.146676441837732
3806	3.1423264907135873
3807	3.1405180840664713
3808	3.145650048875855
3809	3.144037145650049
3810	3.1384652981427177
3811	3.1426686217008797
3812	3.1371945259042033
3813	3.144183773216031
3814	3.141544477028348
3815	3.142913000977517
3816	3.140957966764418
3817	3.13841642228739
3818	3.141251221896383
3819	3.1441348973607037
3820	3.1437927663734118
3821	3.1411534701857278
3822	3.139149560117302
3823	3.1423264907135873
3824	3.14208211143695
3825	3.1437438905180843
3826	3.1403714565004885
3827	3.1416422287390025
3828	3.1371945259042033
3829	3.142179863147605
3830	3.1405669599217982
3831	3.1404692082111434
3832	3.1428641251221894
3833	3.141837732160313
3834	3.1341642228739004
3835	3.1332844574780063
3836	3.1416422287390025
3837	3.142913000977517
3838	3.1393939393939396
3839	3.1373411534701856
3840	3.1375366568914957
3841	3.1416911045943303
3842	3.1358748778103616
3843	3.135239491691105
3844	3.134995112414467
3845	3.1379765395894426
3846	3.133870967741936
3847	3.1329912023460413
3848	3.124340175953079
3849	3.1136852394916907
3850	3.1073313782991203
3851	3.1006842619745845
3852	3.0895405669599216
3853	3.079814271749756
3854	3.0787878787878786
3855	3.0751710654936457
3856	3.081427174975562
3857	3.078739002932551
3858	3.0733137829912023
3859	3.081524926686217
3860	3.074926686217009
3861	3.078690127077224
3862	3.0784457478005867
3863	3.06930596285435
3864	3.0660312805474095
3865	3.073264907135875
3866	3.0724340175953078
3867	3.072922776148583
3868	3.0671065493646137
3869	3.0697458455522977
3870	3.0710166177908116
3871	3.070332355816227
3872	3.070136852394917
3873	3.0683284457478
3874	3.0727272727272723
3875	3.073998044965787
3876	3.074437927663734
3877	3.073900293255132
3878	3.067497556207234
3879	3.0688660801564027
3880	3.0709188660801563
3881	3.0655913978494627
3882	3.0658357771261
3883	3.064858260019551
3884	3.063098729227762
3885	3.0698435972629525
3886	3.070576735092864
3887	3.067888563049854
3888	3.069208211143695
3889	3.071065493646139
3890	3.0727761485826006
3891	3.061045943304008
3892	3.0575757575757576
3893	3.0632453567937437
3894	3.0695014662756597
3895	3.0649560117302057
3896	3.0644672531769306
3897	3.06177908113392
3898	3.061485826001955
3899	3.0650048875855327
3900	3.0639296187683285
3901	3.0576735092864125
3902	3.0586021505376344
3903	3.064369501466276
3904	3.0667644183773217
3905	3.062854349951124
3906	3.0655913978494627
3907	3.062707722385142
3908	3.069403714565005
3909	3.0686217008797656
3910	3.062707722385142
3911	3.0668132942326496
3912	3.0614369501466276
3913	3.0691593352883677
3914	3.0568426197458454
3915	3.0648093841642225
3916	3.064907135874878
3917	3.067546432062561
3918	3.0714565004887584
3919	3.067253176930596
3920	3.0657869012707724
3921	3.0665689149560116
3922	3.0648093841642225
3923	3.0614369501466276
3924	3.0555718475073315
3925	3.0647116324535677
3926	3.0668132942326496
3927	3.064125122189638
3928	3.0655425219941352
3929	3.065982404692082
3930	3.062805474095797
3931	3.067155425219941
3932	3.0624144672531775
3933	3.063734115347019
3934	3.062023460410557
3935	3.0686217008797656
3936	3.070185728250244
3937	3.063636363636364
3938	3.05791788856305
3939	3.0695014662756597
3940	3.065395894428152
3941	3.065738025415445
3942	3.0640762463343107
3943	3.0576735092864125
3944	3.068572825024438
3945	3.060703812316716
3946	3.063978494623656
3947	3.0661290322580648
3948	3.062756598240469
3949	3.062365591397849
3950	3.058211143695015
3951	3.0650537634408606
3952	3.066520039100684
3953	3.0622678396871943
3954	3.0650048875855327
3955	3.0658357771261
3956	3.060703812316716
3957	3.0631476050830893
3958	3.060703812316716
3959	3.0605083088954053
3960	3.0632453567937437
3961	3.0641739980449656
3962	3.0624144672531775
3963	3.0659335288367546
3964	3.0679863147605086
3965	3.0610948191593352
3966	3.0646627565982403
3967	3.0665689149560116
3968	3.063880742913001
3969	3.063587487781036
3970	3.05811339198436
3971	3.0624144672531775
3972	3.062854349951124
3973	3.0619257086999028
3974	3.062218963831867
3975	3.058455522971652
3976	3.0612903225806454
3977	3.0642228739002935
3978	3.064613880742913
3979	3.056109481915933
3980	3.062805474095797
3981	3.06177908113392
3982	3.0575757575757576
3983	3.0616813294232648
3984	3.0671065493646137
3985	3.0591397849462365
3986	3.0597751710654935
3987	3.0669599217986314
3988	3.0559139784946234
3989	3.0611925708699905
3990	3.0641739980449656
3991	3.062756598240469
3992	3.059726295210166
3993	3.063000977517107
3994	3.0654447702834804
3995	3.061241446725318
3996	3.0632942326490715
3997	3.0616813294232648
3998	3.0575268817204306
3999	3.0635386119257086
4000	3.0554740957966766
4001	3.063587487781036
4002	3.0613880742913
4003	3.0641739980449656
4004	3.058944281524927
4005	3.059726295210166
4006	3.061045943304008
4007	3.0671065493646137
4008	3.0594330400782015
4009	3.0629521016617787
4010	3.063489736070381
4011	3.059628543499511
4012	3.063489736070381
4013	3.0608015640273702
4014	3.060117302052786
4015	3.05830889540567
4016	3.0631964809384167
4017	3.064369501466276
4018	3.0624633431085044
4019	3.0624144672531775
4020	3.0576735092864125
4021	3.066177908113392
4022	3.059384164222874
4023	3.061730205278592
4024	3.058162267839687
4025	3.059970674486804
4026	3.0572825024437926
4027	3.0616324535679373
4028	3.0604105571847504
4029	3.060948191593353
4030	3.0622678396871943
4031	3.060117302052786
4032	3.0585043988269796
4033	3.066911045943304
4034	3.063880742913001
4035	3.0676930596285437
4036	3.0606060606060606
4037	3.058064516129032
4038	3.062023460410557
4039	3.065982404692082
4040	3.0634408602150534
4041	3.062756598240469
4042	3.063978494623656
4043	3.0667644183773217
4044	3.0604594330400783
4045	3.0619745845552298
4046	3.0638318670576736
4047	3.0622678396871943
4048	3.062316715542522
4049	3.0585043988269796
4050	3.066177908113392
4051	3.058455522971652
4052	3.0573802541544475
4053	3.058357771260997
4054	3.060068426197459
4055	3.0599217986314757
4056	3.063978494623656
4057	3.0619257086999028
4058	3.066911045943304
4059	3.0632453567937437
4060	3.063880742913001
4061	3.0610948191593352
4062	3.0590420332355817
4063	3.0554252199413487
4064	3.0597751710654935
4065	3.0631476050830893
4066	3.064125122189638
4067	3.0633919843597264
4068	3.06099706744868
4069	3.0602150537634407
4070	3.06177908113392
4071	3.066275659824047
4072	3.0608015640273702
4073	3.062854349951124
4074	3.059628543499511
4075	3.062854349951124
4076	3.066617790811339
4077	3.0650048875855327
4078	3.058015640273705
4079	3.056060606060606
4080	3.0607526881720433
4081	3.0575757575757576
4082	3.0572825024437926
4083	3.0592864125122188
4084	3.057086999022483
4085	3.0558651026392964
4086	3.06099706744868
4087	3.0588954056695994
4088	3.0595307917888563
4089	3.066911045943304
4090	3.058846529814272
4091	3.0610948191593352
4092	3.0620723362658846
4093	3.0589931573802542
4094	3.0619257086999028
4095	3.057086999022483
4096	3.06099706744868
4097	3.063343108504399
4098	3.0605571847507336
4099	3.059824046920821
4100	3.0606060606060606
4101	3.0595796676441838
4102	3.0555718475073315
4103	3.0638318670576736
4104	3.064858260019551
4105	3.0597751710654935
4106	3.0608993157380255
4107	3.0612903225806454
4108	3.0651515151515154
4109	3.0678396871945255
4110	3.064125122189638
4111	3.060703812316716
4112	3.0563049853372437
4113	3.0613880742913
4114	3.0665689149560116
4115	3.064613880742913
4116	3.060117302052786
4117	3.0585532746823065
4118	3.064565004887586
4119	3.0615347018572825
4120	3.0622678396871943
4121	3.061045943304008
4122	3.0584066471163247
4123	3.0611436950146627
4124	3.0683284457478
4125	3.0595307917888563
4126	3.0527370478983387
4127	3.0624144672531775
4128	3.0593352883675466
4129	3.0640762463343107
4130	3.059188660801564
4131	3.0624144672531775
4132	3.061876832844575
4133	3.0595796676441838
4134	3.0593352883675466
4135	3.0548875855327466
4136	3.058944281524927
4137	3.0619745845552298
4138	3.062023460410557
4139	3.0655425219941352
4140	3.0602639296187686
4141	3.0591397849462365
4142	3.0611925708699905
4143	3.0586021505376344
4144	3.0650048875855327
4145	3.0565004887585534
4146	3.0597751710654935
4147	3.0619257086999028
4148	3.0590420332355817
4149	3.0573802541544475
4150	3.0622678396871943
4151	3.0529814271749753
4152	3.0648093841642225
4153	3.0592375366568914
4154	3.05811339198436
4155	3.058944281524927
4156	3.0608993157380255
4157	3.0622678396871943
4158	3.057038123167156
