1 1.139033e-05
2 5.544288e-06
3 3.561444e-06
4 2.844466e-06
5 2.205881e-06
6 1.979699e-06
7 1.752128e-06
8 1.508915e-06
9 1.411003e-06
10 1.360541e-06
11 1.195689e-06
12 1.137560e-06
13 1.067513e-06
14 1.114003e-06
15 1.055802e-06
16 9.523219e-07
17 8.550815e-07
18 1.013705e-06
19 8.370671e-07
20 8.315321e-07
21 8.346913e-07
22 6.511118e-07
23 7.492595e-07
24 8.841110e-07
25 6.026911e-07
26 7.099483e-07
27 5.850321e-07
28 8.088435e-07
29 6.112291e-07
30 7.443946e-07
31 6.035303e-07
32 5.331024e-07
33 7.993283e-07
34 6.258442e-07
35 4.572924e-07
36 7.623539e-07
37 6.285397e-07
38 5.381578e-07
39 4.714186e-07
40 5.744650e-07
41 7.009380e-07
42 5.801364e-07
43 5.272412e-07
44 4.335924e-07
45 5.782597e-07
46 7.024403e-07
47 5.682108e-07
48 6.716328e-07
49 5.146679e-07
50 4.413038e-07
51 4.189057e-07
52 5.558580e-07
53 6.365029e-07
54 7.319049e-07
55 6.534757e-07
56 6.936531e-07
57 5.059296e-07
58 4.977265e-07
59 3.597132e-07
60 5.124770e-07
61 4.803331e-07
62 4.879628e-07
63 6.236239e-07
64 6.261884e-07
65 7.143429e-07
66 6.849658e-07
67 6.483272e-07
68 5.287018e-07
69 5.888786e-07
70 4.066678e-07
71 4.422241e-07
72 4.940672e-07
73 5.367271e-07
74 5.385202e-07
75 5.570146e-07
76 5.520699e-07
77 6.000350e-07
78 5.936359e-07
79 6.779140e-07
80 6.068771e-07
81 7.042416e-07
82 6.631602e-07
83 6.304828e-07
84 7.041849e-07
85 5.731264e-07
86 6.027702e-07
87 5.193145e-07
88 4.625682e-07
89 4.416896e-07
90 4.823607e-07
91 5.555824e-07
92 5.553283e-07
93 5.607653e-07
94 5.900774e-07
95 6.182913e-07
96 6.875078e-07
97 6.343764e-07
98 7.224784e-07
99 6.781015e-07
100 6.241359e-07
101 7.206011e-07
102 7.239395e-07
103 6.916526e-07
104 7.508274e-07
105 8.236893e-07
106 8.323119e-07
107 7.994679e-07
108 8.632551e-07
109 8.431085e-07
110 8.401795e-07
111 8.465949e-07
112 9.312691e-07
113 8.098744e-07
114 7.631403e-07
115 7.735790e-07
116 7.091474e-07
117 6.178166e-07
118 6.337495e-07
119 6.713984e-07
120 6.327046e-07
121 6.126272e-07
122 6.445408e-07
123 7.131807e-07
124 6.992148e-07
125 6.939693e-07
126 6.924927e-07
127 7.274056e-07
128 7.614681e-07
129 7.456130e-07
130 7.160105e-07
131 7.261349e-07
132 7.596492e-07
133 8.328697e-07
134 8.042220e-07
135 8.018627e-07
136 7.731658e-07
137 7.686438e-07
138 8.423473e-07
139 8.718397e-07
140 8.963001e-07
141 9.183145e-07
142 9.517090e-07
143 9.634130e-07
144 1.032096e-06
145 1.032908e-06
146 9.774911e-07
147 1.003670e-06
148 1.022978e-06
149 1.044623e-06
150 1.060199e-06
151 1.084583e-06
152 1.029202e-06
153 1.028347e-06
154 1.097344e-06
155 1.121581e-06
156 1.121072e-06
157 1.135850e-06
158 1.178787e-06
159 1.185709e-06
160 1.162983e-06
161 1.230548e-06
162 1.229020e-06
163 1.211361e-06
164 1.224386e-06
165 1.201127e-06
166 1.172776e-06
167 1.222872e-06
168 1.254248e-06
169 1.179176e-06
170 1.123110e-06
171 1.107078e-06
172 1.123991e-06
173 1.125205e-06
174 1.135076e-06
175 1.074160e-06
176 1.006899e-06
177 9.999253e-07
178 9.552618e-07
179 9.463075e-07
180 9.343544e-07
181 9.554464e-07
182 1.006754e-06
183 1.001419e-06
184 9.863986e-07
185 9.775232e-07
186 9.633511e-07
187 9.720516e-07
188 9.649407e-07
189 9.940306e-07
190 9.801120e-07
191 1.036189e-06
192 1.060833e-06
193 1.053181e-06
194 1.057276e-06
195 1.048048e-06
196 1.045823e-06
197 1.026048e-06
198 1.029578e-06
199 1.026194e-06
200 1.033959e-06
201 1.098768e-06
202 1.122369e-06
203 1.141997e-06
204 1.156044e-06
205 1.153119e-06
206 1.149574e-06
207 1.160065e-06
208 1.171225e-06
209 1.166695e-06
210 1.160643e-06
211 1.229401e-06
212 1.237088e-06
213 1.255863e-06
214 1.263522e-06
215 1.280633e-06
216 1.294345e-06
217 1.286338e-06
218 1.276984e-06
219 1.266765e-06
220 1.264738e-06
221 1.275791e-06
222 1.284067e-06
223 1.345861e-06
224 1.356525e-06
225 1.352470e-06
226 1.360753e-06
227 1.369067e-06
228 1.384101e-06
229 1.427123e-06
230 1.448751e-06
231 1.457685e-06
232 1.450143e-06
233 1.437754e-06
234 1.445430e-06
235 1.460918e-06
236 1.567482e-06
237 1.607238e-06
238 1.626518e-06
239 1.648991e-06
240 1.628142e-06
241 1.653018e-06
242 1.653097e-06
243 1.669643e-06
244 1.655534e-06
245 1.672962e-06
246 1.696752e-06
247 1.718174e-06
248 1.698106e-06
249 1.686391e-06
250 1.680704e-06
251 1.789738e-06
252 1.805076e-06
253 1.798149e-06
254 1.801884e-06
255 1.801357e-06
256 1.801559e-06
257 1.813267e-06
258 1.825252e-06
259 1.821714e-06
260 1.834790e-06
261 1.880515e-06
262 1.886747e-06
263 1.889106e-06
264 1.909525e-06
265 1.914703e-06
266 1.940349e-06
267 2.077717e-06
268 2.073370e-06
269 2.077872e-06
270 2.074611e-06
271 2.077611e-06
272 2.087245e-06
273 2.086937e-06
274 2.106610e-06
275 2.112374e-06
276 2.110805e-06
277 2.125552e-06
278 2.134386e-06
279 2.151554e-06
280 2.170748e-06
281 2.197860e-06
282 2.215822e-06
283 2.258486e-06
284 2.266663e-06
285 2.279137e-06
286 2.447400e-06
287 2.442784e-06
288 2.469555e-06
289 2.485581e-06
290 2.490598e-06
291 2.485859e-06
292 2.493696e-06
293 2.488959e-06
294 2.489752e-06
295 2.489589e-06
296 2.499907e-06
297 2.505427e-06
298 2.496158e-06
299 2.503589e-06
300 2.502279e-06
301 2.502296e-06
302 2.521031e-06
303 2.534403e-06
304 2.542348e-06
305 2.563757e-06
306 2.575542e-06
307 2.590252e-06
308 2.842975e-06
309 2.862277e-06
310 2.865445e-06
311 2.874510e-06
312 2.892505e-06
313 2.895770e-06
314 2.909543e-06
315 2.914647e-06
316 2.921880e-06
317 2.901303e-06
318 2.905987e-06
319 2.891505e-06
320 2.894137e-06
321 2.918936e-06
322 2.930409e-06
323 2.950603e-06
324 2.948952e-06
325 2.950130e-06
326 2.966547e-06
327 2.968906e-06
328 2.959815e-06
329 2.961468e-06
330 2.962600e-06
331 2.970327e-06
332 2.967329e-06
333 2.971834e-06
334 3.271005e-06
335 3.295273e-06
336 3.309471e-06
337 3.304999e-06
338 3.305880e-06
339 3.304943e-06
340 3.324397e-06
341 3.327688e-06
342 3.348199e-06
343 3.358775e-06
344 3.381659e-06
345 3.391867e-06
346 3.389254e-06
347 3.381567e-06
348 3.363832e-06
349 3.340758e-06
350 3.334830e-06
351 3.319604e-06
352 3.316422e-06
353 3.314318e-06
354 3.320524e-06
355 3.323004e-06
356 3.313357e-06
357 3.312943e-06
358 3.318201e-06
359 3.321040e-06
360 3.329591e-06
361 3.344452e-06
362 3.356514e-06
363 3.356869e-06
364 3.730665e-06
365 3.737213e-06
366 3.744898e-06
367 3.758445e-06
368 3.752946e-06
369 3.746724e-06
370 3.756236e-06
371 3.761086e-06
372 3.783101e-06
373 3.786926e-06
374 3.791296e-06
375 3.804324e-06
376 3.819585e-06
377 3.845529e-06
378 3.857596e-06
379 3.873482e-06
380 3.883553e-06
381 3.903622e-06
382 3.923489e-06
383 3.944769e-06
384 3.964728e-06
385 3.975271e-06
386 3.965547e-06
387 3.959466e-06
388 3.954148e-06
389 3.965601e-06
390 3.953323e-06
391 3.967210e-06
392 3.973944e-06
393 3.983150e-06
394 3.991571e-06
395 4.003487e-06
396 4.026371e-06
397 4.028265e-06
398 4.049354e-06
399 4.059924e-06
400 4.058912e-06
401 4.569741e-06
402 4.597048e-06
403 4.614662e-06
404 4.629229e-06
405 4.660291e-06
406 4.678804e-06
407 4.675670e-06
408 4.682973e-06
409 4.690919e-06
410 4.689308e-06
411 4.697806e-06
412 4.702352e-06
413 4.729579e-06
414 4.731500e-06
415 4.738507e-06
416 4.757279e-06
417 4.771766e-06
418 4.779505e-06
419 4.795294e-06
420 4.804518e-06
421 4.822296e-06
422 4.834727e-06
423 4.850909e-06
424 4.867053e-06
425 4.886278e-06
426 4.887397e-06
427 4.903500e-06
428 4.910341e-06
429 4.924207e-06
430 4.960332e-06
431 4.982921e-06
432 4.997609e-06
433 4.999722e-06
434 5.010979e-06
435 5.018726e-06
436 5.010343e-06
437 5.017378e-06
438 5.017191e-06
439 5.030270e-06
440 5.025502e-06
441 5.042619e-06
442 5.045321e-06
443 5.052854e-06
444 5.067967e-06
445 5.795024e-06
446 5.790711e-06
447 5.786675e-06
448 5.789670e-06
449 5.790604e-06
450 5.797301e-06
451 5.820393e-06
452 5.827987e-06
453 5.841145e-06
454 5.851035e-06
455 5.861306e-06
456 5.872167e-06
457 5.896907e-06
458 5.909463e-06
459 5.930294e-06
460 5.941637e-06
461 5.948995e-06
462 5.965083e-06
463 5.965678e-06
464 5.986568e-06
465 6.008442e-06
466 6.009674e-06
467 6.029217e-06
468 6.043779e-06
469 6.053816e-06
470 6.059355e-06
471 6.073009e-06
472 6.090524e-06
473 6.107504e-06
474 6.115216e-06
475 6.127485e-06
476 6.146047e-06
477 6.152086e-06
478 6.142877e-06
479 6.162897e-06
480 6.157461e-06
481 6.177415e-06
482 6.187332e-06
483 6.199747e-06
484 6.219334e-06
485 6.240058e-06
486 6.247879e-06
487 6.267476e-06
488 6.263489e-06
489 6.274353e-06
490 6.296087e-06
491 6.310571e-06
492 6.323043e-06
493 6.343255e-06
494 6.356145e-06
495 6.376868e-06
496 6.387179e-06
497 6.380335e-06
498 6.377742e-06
499 6.388714e-06
500 6.392124e-06
501 7.449887e-06
502 7.472728e-06
503 7.473441e-06
504 7.487326e-06
505 7.496801e-06
506 7.503517e-06
507 7.525557e-06
508 7.535939e-06
509 7.554387e-06
510 7.538121e-06
511 7.561567e-06
512 7.568720e-06
513 7.582064e-06
514 7.591096e-06
515 7.608923e-06
516 7.623831e-06
517 7.635020e-06
518 7.646509e-06
519 7.643747e-06
520 7.669802e-06
521 7.687155e-06
522 7.698996e-06
523 7.714165e-06
524 7.725563e-06
525 7.749015e-06
526 7.765408e-06
527 7.792827e-06
528 7.804112e-06
529 7.819556e-06
530 7.831367e-06
531 7.841884e-06
532 7.855481e-06
533 7.861918e-06
534 7.884609e-06
535 7.904623e-06
536 7.925379e-06
537 7.936522e-06
538 7.955960e-06
539 7.963017e-06
540 7.979692e-06
541 7.984914e-06
542 7.995388e-06
543 8.014541e-06
544 8.036177e-06
545 8.046253e-06
546 8.039207e-06
547 8.039434e-06
548 8.055861e-06
549 8.066200e-06
550 8.084472e-06
551 8.095084e-06
552 8.114942e-06
553 8.135073e-06
554 8.151351e-06
555 8.156565e-06
556 8.165740e-06
557 8.183699e-06
558 8.211679e-06
559 8.230175e-06
560 8.244434e-06
561 8.264040e-06
562 8.278739e-06
563 8.291899e-06
564 8.306953e-06
565 8.331984e-06
566 8.371765e-06
567 8.401122e-06
568 8.417993e-06
569 8.423629e-06
570 8.432685e-06
571 8.439349e-06
572 1.013303e-05
573 1.015836e-05
574 1.015278e-05
575 1.019482e-05
576 1.019699e-05
577 1.021780e-05
578 1.024900e-05
579 1.023000e-05
580 1.023567e-05
581 1.022502e-05
582 1.022567e-05
583 1.023529e-05
584 1.023776e-05
585 1.024675e-05
586 1.025280e-05
587 1.027257e-05
588 1.028733e-05
589 1.029850e-05
590 1.030843e-05
591 1.033698e-05
592 1.034212e-05
593 1.034713e-05
594 1.035179e-05
595 1.035965e-05
596 1.036045e-05
597 1.037606e-05
598 1.038451e-05
599 1.040911e-05
600 1.042493e-05
601 1.045754e-05
602 1.045828e-05
603 1.046716e-05
604 1.047928e-05
605 1.048865e-05
606 1.050152e-05
607 1.053285e-05
608 1.055781e-05
609 1.057466e-05
610 1.060747e-05
611 1.060097e-05
612 1.061077e-05
613 1.062163e-05
614 1.063412e-05
615 1.065122e-05
616 1.065814e-05
617 1.066472e-05
618 1.068010e-05
619 1.069066e-05
620 1.071632e-05
621 1.073719e-05
622 1.075188e-05
623 1.076551e-05
624 1.078147e-05
625 1.079175e-05
626 1.079399e-05
627 1.081157e-05
628 1.081608e-05
629 1.083411e-05
630 1.084300e-05
631 1.085263e-05
632 1.085688e-05
633 1.087784e-05
634 1.088540e-05
635 1.089214e-05
636 1.090927e-05
637 1.091446e-05
638 1.092533e-05
639 1.093345e-05
640 1.093679e-05
641 1.096307e-05
642 1.097625e-05
643 1.097985e-05
644 1.100783e-05
645 1.103370e-05
646 1.106352e-05
647 1.107964e-05
648 1.109278e-05
649 1.111353e-05
650 1.113307e-05
651 1.115614e-05
652 1.119028e-05
653 1.119733e-05
654 1.121623e-05
655 1.122393e-05
656 1.124025e-05
657 1.126123e-05
658 1.127379e-05
659 1.128247e-05
660 1.129441e-05
661 1.131155e-05
662 1.132392e-05
663 1.132758e-05
664 1.133982e-05
665 1.135370e-05
666 1.137000e-05
667 1.406365e-05
668 1.409117e-05
669 1.412498e-05
670 1.412482e-05
671 1.414232e-05
672 1.416426e-05
673 1.420739e-05
674 1.421600e-05
675 1.426049e-05
676 1.428619e-05
677 1.432071e-05
678 1.435767e-05
679 1.440514e-05
680 1.443753e-05
681 1.446612e-05
682 1.446746e-05
683 1.450265e-05
684 1.452527e-05
685 1.454413e-05
686 1.458582e-05
687 1.461772e-05
688 1.465190e-05
689 1.468778e-05
690 1.471264e-05
691 1.473933e-05
692 1.475810e-05
693 1.478447e-05
694 1.479942e-05
695 1.479926e-05
696 1.482418e-05
697 1.484457e-05
698 1.484758e-05
699 1.486251e-05
700 1.488463e-05
701 1.488198e-05
702 1.489515e-05
703 1.492952e-05
704 1.494224e-05
705 1.496097e-05
706 1.498237e-05
707 1.499370e-05
708 1.502053e-05
709 1.505138e-05
710 1.508473e-05
711 1.507106e-05
712 1.509302e-05
713 1.511979e-05
714 1.510101e-05
715 1.510770e-05
716 1.513664e-05
717 1.513064e-05
718 1.514207e-05
719 1.516422e-05
720 1.517581e-05
721 1.519014e-05
722 1.522518e-05
723 1.525841e-05
724 1.528199e-05
725 1.529145e-05
726 1.530344e-05
727 1.530161e-05
728 1.533460e-05
729 1.533745e-05
730 1.534029e-05
731 1.534660e-05
732 1.536787e-05
733 1.537747e-05
734 1.539603e-05
735 1.537955e-05
736 1.539616e-05
737 1.541032e-05
738 1.540661e-05
739 1.542551e-05
740 1.543733e-05
741 1.544725e-05
742 1.547038e-05
743 1.549184e-05
744 1.551532e-05
745 1.552400e-05
746 1.553869e-05
747 1.556422e-05
748 1.557949e-05
749 1.559816e-05
750 1.560725e-05
751 1.563686e-05
752 1.565493e-05
753 1.566863e-05
754 1.569429e-05
755 1.570044e-05
756 1.572336e-05
757 1.574936e-05
758 1.577264e-05
759 1.577938e-05
760 1.580752e-05
761 1.583732e-05
762 1.585948e-05
763 1.587562e-05
764 1.588711e-05
765 1.590616e-05
766 1.592482e-05
767 1.593186e-05
768 1.594538e-05
769 1.596669e-05
770 1.599476e-05
771 1.600843e-05
772 1.602072e-05
773 1.604302e-05
774 1.603794e-05
775 1.607195e-05
776 1.608239e-05
777 1.611606e-05
778 1.611954e-05
779 1.614012e-05
780 1.614994e-05
781 1.618995e-05
782 1.619801e-05
783 1.622306e-05
784 1.623483e-05
785 1.628727e-05
786 1.630865e-05
787 1.631160e-05
788 1.631921e-05
789 1.633588e-05
790 1.636763e-05
791 1.640644e-05
792 1.642959e-05
793 1.645186e-05
794 1.646626e-05
795 1.648294e-05
796 1.651475e-05
797 1.655495e-05
798 1.656653e-05
799 1.659484e-05
800 1.659954e-05
801 2.139555e-05
802 2.143690e-05
803 2.152688e-05
804 2.154768e-05
805 2.160103e-05
806 2.162362e-05
807 2.166730e-05
808 2.172269e-05
809 2.176086e-05
810 2.180311e-05
811 2.184334e-05
812 2.190733e-05
813 2.193864e-05
814 2.195497e-05
815 2.198139e-05
816 2.198914e-05
817 2.200792e-05
818 2.206214e-05
819 2.208146e-05
820 2.210744e-05
821 2.216513e-05
822 2.217697e-05
823 2.219440e-05
824 2.223053e-05
825 2.225411e-05
826 2.231539e-05
827 2.232170e-05
828 2.235451e-05
829 2.238110e-05
830 2.240970e-05
831 2.245427e-05
832 2.247823e-05
833 2.250289e-05
834 2.257545e-05
835 2.260044e-05
836 2.265284e-05
837 2.269309e-05
838 2.272659e-05
839 2.275080e-05
840 2.277648e-05
841 2.281156e-05
842 2.285336e-05
843 2.290105e-05
844 2.291831e-05
845 2.294996e-05
846 2.300112e-05
847 2.303542e-05
848 2.307254e-05
849 2.310798e-05
850 2.314638e-05
851 2.317694e-05
852 2.317901e-05
853 2.318906e-05
854 2.322379e-05
855 2.326149e-05
856 2.326940e-05
857 2.327397e-05
858 2.334234e-05
859 2.340695e-05
860 2.345445e-05
861 2.349459e-05
862 2.351341e-05
863 2.353904e-05
864 2.358251e-05
865 2.358752e-05
866 2.362287e-05
867 2.366443e-05
868 2.368933e-05
869 2.370530e-05
870 2.375040e-05
871 2.374901e-05
872 2.373453e-05
873 2.375212e-05
874 2.375069e-05
875 2.378889e-05
876 2.377450e-05
877 2.376698e-05
878 2.381167e-05
879 2.376984e-05
880 2.380216e-05
881 2.381326e-05
882 2.388384e-05
883 2.389468e-05
884 2.388809e-05
885 2.390379e-05
886 2.390975e-05
887 2.393721e-05
888 2.396290e-05
889 2.398503e-05
890 2.402163e-05
891 2.402629e-05
892 2.401540e-05
893 2.399124e-05
894 2.400353e-05
895 2.402272e-05
896 2.401484e-05
897 2.401236e-05
898 2.403149e-05
899 2.402947e-05
900 2.405840e-05
901 2.410093e-05
902 2.413440e-05
903 2.414133e-05
904 2.416854e-05
905 2.419964e-05
906 2.421633e-05
907 2.423857e-05
908 2.423606e-05
909 2.425241e-05
910 2.427970e-05
911 2.432582e-05
912 2.432288e-05
913 2.435314e-05
914 2.439921e-05
915 2.441646e-05
916 2.443704e-05
917 2.445025e-05
918 2.449740e-05
919 2.448502e-05
920 2.451263e-05
921 2.453645e-05
922 2.453446e-05
923 2.457961e-05
924 2.457162e-05
925 2.454387e-05
926 2.455095e-05
927 2.461301e-05
928 2.462798e-05
929 2.464985e-05
930 2.469387e-05
931 2.471129e-05
932 2.471311e-05
933 2.474480e-05
934 2.478493e-05
935 2.482781e-05
936 2.485907e-05
937 2.486225e-05
938 2.489494e-05
939 2.491278e-05
940 2.492425e-05
941 2.493006e-05
942 2.495191e-05
943 2.498746e-05
944 2.500695e-05
945 2.505031e-05
946 2.507104e-05
947 2.510361e-05
948 2.511447e-05
949 2.512735e-05
950 2.515386e-05
951 2.518968e-05
952 2.520984e-05
953 2.520412e-05
954 2.521306e-05
955 2.519536e-05
956 2.516429e-05
957 2.518655e-05
958 2.522170e-05
959 2.521328e-05
960 2.520490e-05
961 2.521320e-05
962 2.526349e-05
963 2.529326e-05
964 2.529427e-05
965 2.534367e-05
966 2.534464e-05
967 2.537771e-05
968 2.539925e-05
969 2.542057e-05
970 2.545690e-05
971 2.546017e-05
972 2.547099e-05
973 2.548463e-05
974 2.551584e-05
975 2.551112e-05
976 2.550702e-05
977 2.552023e-05
978 2.551357e-05
979 2.553425e-05
980 2.558563e-05
981 2.563374e-05
982 2.562099e-05
983 2.564549e-05
984 2.564998e-05
985 2.565348e-05
986 2.567527e-05
987 2.568875e-05
988 2.570422e-05
989 2.575567e-05
990 2.575383e-05
991 2.578992e-05
992 2.577848e-05
993 2.578501e-05
994 2.577952e-05
995 2.579806e-05
996 2.580715e-05
997 2.583050e-05
998 2.584249e-05
999 2.585339e-05
1000 2.586333e-05
