1	1.1103128054740956
2	1.5244868035190617
3	1.5297165200391007
4	1.531329423264907
5	1.5289833822091885
6	1.3907135874877812
7	1.2844086021505376
8	1.3709188660801563
9	1.1765395894428152
10	1.783431085043988
11	1.4866568914956013
12	1.6784946236559142
13	1.589882697947214
14	1.521945259042033
15	1.5266862170087978
16	1.4853861192570872
17	1.1705278592375368
18	1.169208211143695
19	1.2183773216031282
20	1.4622189638318672
21	1.4309872922776148
22	1.5673998044965787
23	1.6765395894428152
24	1.8459921798631476
25	1.308553274682307
26	1.5855327468230693
27	1.6444770283479961
28	1.639540566959922
29	1.644770283479961
30	1.6386608015640274
31	1.6403225806451616
32	1.6412023460410559
33	1.6444281524926687
34	1.6416422287390031
35	1.6399804496578692
36	1.6421309872922778
37	1.6393450635386122
38	1.6421309872922778
39	1.6336265884652983
40	1.6363636363636365
41	1.6293255131964812
42	1.628592375366569
43	1.6304985337243403
44	1.627859237536657
45	1.6173509286412513
46	1.6261974584555232
47	1.6222385141739981
48	1.620576735092864
49	1.6194037145650046
50	1.6197947214076247
51	1.616617790811339
52	1.6170576735092863
53	1.6187194525904203
54	1.6103616813294233
55	1.613587487781036
56	1.6061583577712608
57	1.6030791788856305
58	1.6050830889540566
59	1.6023460410557182
60	1.5972140762463343
61	1.592815249266862
62	1.5903714565004885
63	1.5934995112414465
64	1.5957478005865102
65	1.5965786901270773
66	1.5844574780058651
67	1.5893939393939394
68	1.58841642228739
69	1.5829423264907134
70	1.4849951124144671
71	1.2610948191593352
72	1.1849951124144673
73	1.1733626588465298
74	1.1682795698924733
75	1.1724828934506353
76	1.1873900293255133
77	1.5344086021505376
78	1.747800586510264
79	1.9706256109481917
80	2.0082111436950147
81	2.055278592375367
82	2.0673998044965787
83	2.068572825024438
84	2.048093841642229
85	2.00425219941349
86	1.9589931573802541
87	1.942179863147605
88	1.950097751710655
89	2.040713587487781
90	2.0470185728250243
91	2.0506842619745846
92	2.062023460410557
93	2.065151515151515
94	2.0728250244379276
95	2.0722873900293255
96	2.063587487781036
97	2.0706256109481918
98	2.065591397849462
99	2.070576735092864
100	2.056842619745846
101	2.060263929618768
102	2.0542521994134897
103	2.049315738025416
104	2.043304007820137
105	2.044525904203324
106	2.0281036168132944
107	2.0342130987292277
108	2.0310361681329425
109	2.069843597262952
110	2.064613880742913
111	2.064125122189638
112	2.05791788856305
113	2.0647116324535677
114	2.0590909090909095
115	2.063098729227762
116	2.072385141739981
117	2.067546432062561
118	2.0673998044965787
119	2.064858260019551
120	2.063098729227762
121	2.0543499511241445
122	2.0512218963831867
123	2.044134897360704
124	2.0461876832844577
125	2.0382697947214075
126	2.042766373411535
127	2.0525415444770285
128	2.054985337243402
129	2.0515151515151513
130	2.0479472140762467
131	2.0506842619745846
132	1.3516617790811338
133	1.5526392961876834
134	1.3804496578690129
135	1.1889540566959922
136	1.1911045943304008
137	1.210752688172043
138	1.1625610948191596
139	1.154692082111437
140	1.1534701857282503
141	1.2052297165200392
142	1.3649071358748777
143	1.6336265884652983
144	1.7988758553274682
145	1.9174486803519062
146	1.9695992179863149
147	2.0376344086021505
148	2.0632942326490715
149	2.047751710654937
150	2.006207233626589
151	1.9677908113391986
152	1.9233626588465298
153	1.8347507331378297
154	1.7522482893450635
155	1.6943792766373413
156	1.6354349951124147
157	1.4727761485826
158	1.336754643206256
159	1.278396871945259
160	1.1909579667644183
161	1.153225806451613
162	1.145796676441838
163	1.1495601173020529
164	1.1481915933528837
165	1.1478494623655915
166	1.1460899315738027
167	1.1452101661779082
168	1.1452590420332356
169	1.1472629521016617
170	1.15019550342131
171	1.147702834799609
172	1.145063538611926
173	1.158748778103617
174	1.18475073313783
175	1.2090909090909092
176	1.2665689149560115
177	1.3014173998044964
178	1.312756598240469
179	1.333822091886608
180	1.3891495601173023
181	1.4829912023460412
182	1.5825024437927662
183	1.667839687194526
184	1.7320625610948193
185	1.7926686217008796
186	1.8472629521016617
187	1.9386608015640274
188	1.975562072336266
189	2.016666666666667
190	2.041153470185728
191	2.037438905180841
192	2.032013685239492
193	2.027761485826002
194	2.0367057673509286
195	2.034604105571847
196	2.007184750733138
197	1.9734115347018573
198	1.9606060606060605
199	1.9530791788856305
200	1.9561094819159337
201	1.9758553274682307
202	1.9981915933528835
203	2.012512218963832
204	2.034604105571847
205	2.028299120234604
206	2.034848484848485
207	2.024633431085044
208	2.0186705767350928
209	2.0221407624633434
210	2.020136852394917
211	1.9996578690127078
212	1.9874389051808408
213	1.9437438905180842
214	1.948826979472141
215	1.9583088954056698
216	1.9993157380254154
217	2.0022482893450637
218	2.025610948191593
219	2.021896383186706
220	2.021260997067449
221	2.0282502443792767
222	2.0195503421309873
223	2.024584555229717
224	2.0157869012707725
225	1.958162267839687
226	1.9938905180840665
227	2.0313294232649075
228	2.044525904203324
229	2.010361681329423
230	2.015102639296188
231	2.0168621700879767
232	1.9212121212121211
233	1.866911045943304
234	1.8898338220918869
235	1.585288367546432
236	1.3638807429130009
237	1.3670576735092863
238	1.362218963831867
239	1.3608015640273705
240	1.3564027370478982
241	1.3550342130987292
242	1.3594819159335287
243	1.3603128054740956
244	1.3542521994134895
245	1.3514173998044965
246	1.37258064516129
247	1.3558651026392963
248	1.348142717497556
249	1.1597751710654938
250	1.559188660801564
251	1.861094819159335
252	1.8412512218963832
253	1.7443792766373412
254	1.8763440860215055
255	1.881720430107527
256	1.8770772238514175
257	1.8791300097751713
258	1.8389051808406647
259	1.3767839687194527
260	1.7598729227761485
261	1.7998044965786901
262	1.7936461388074292
263	1.8017595307917886
264	1.7935972629521018
265	1.8132942326490713
266	1.8378787878787877
267	1.8529325513196482
268	1.8815738025415447
269	1.8618279569892473
270	1.8704301075268817
271	1.827663734115347
272	1.766471163245357
273	1.7435483870967743
274	1.7472629521016618
275	1.8228250244379276
276	1.8201368523949168
277	1.8148093841642228
278	1.8163245356793742
279	1.8035190615835777
280	1.8260997067448679
281	1.8394916911045944
282	1.8303030303030303
283	1.790909090909091
284	1.8639784946236557
285	1.9449657869012709
286	1.9477517106549365
287	1.9443792766373411
288	1.9407624633431084
289	1.9358260019550342
290	1.9380742913000977
291	1.942179863147605
292	1.9417399804496578
293	1.9426197458455523
294	1.9334310850439882
295	1.9338220918866083
296	1.9283479960899317
297	1.9354349951124146
298	1.9345063538611926
299	1.9261485826001954
300	1.9286412512218964
301	1.9126099706744868
302	1.4702834799608993
303	1.3289345063538611
304	1.542570869990225
305	1.7150537634408602
306	1.8687683284457477
307	1.8746334310850439
308	1.8685728250244378
309	1.8703323558162268
310	1.8705278592375365
311	1.8662267839687192
312	1.9021505376344088
313	1.9082600195503423
314	1.9040078201368524
315	1.9159335288367547
316	1.9203323558162269
317	1.9199902248289344
318	1.9117302052785923
319	1.916617790811339
320	1.913978494623656
321	1.8626099706744865
322	1.7926686217008796
323	1.7994134897360705
324	1.8569403714565005
325	1.888709677419355
326	1.9043010752688172
327	1.9029814271749756
328	1.8991202346041056
329	1.8885141739980449
330	1.883919843597263
331	1.8788367546432065
332	1.8833822091886607
333	1.8833333333333333
334	1.8725317693059627
335	1.7621700879765396
336	1.7579667644183774
337	1.800830889540567
338	1.88455522971652
339	1.8857771260997067
340	1.8845063538611926
341	1.8828934506353863
342	1.8760508308895405
343	1.8777126099706747
344	1.8802052785923755
345	1.8667644183773215
346	1.867546432062561
347	1.8627077223851418
348	1.8629032258064515
349	1.8676930596285435
350	1.8659335288367545
351	1.8705278592375365
352	1.8624633431085043
353	1.865884652981427
354	1.8657380254154448
355	1.8677908113391983
356	1.8727272727272728
357	1.877126099706745
358	1.8719452590420331
359	1.8726295210166175
360	1.8677908113391983
361	1.862756598240469
362	1.8616324535679372
363	1.8621700879765395
364	1.860459433040078
365	1.8672531769305962
366	1.8652981427174973
367	1.8595307917888562
368	1.8587487781036167
369	1.8611925708699901
370	1.9025904203323558
371	1.951564027370479
372	1.9506353861192571
373	1.9785923753665688
374	1.9979472140762462
375	2.0260997067448683
376	2.02258064516129
377	2.019990224828935
378	1.8949169110459434
379	1.781964809384164
380	1.78455522971652
381	1.7862658846529815
382	1.7896383186705769
383	1.7762463343108505
384	1.8030791788856306
385	1.931720430107527
386	2.0071358748778105
387	2.027663734115347
388	2.0297165200391003
389	2.0297165200391003
390	2.0206744868035194
391	2.0116324535679375
392	2.0066959921798633
393	2.004154447702835
394	2.0161290322580645
395	2.0242424242424244
396	2.0213587487781037
397	2.024633431085044
398	2.026197458455523
399	2.024584555229717
400	2.017204301075269
401	2.0281524926686214
402	2.0261485826001957
403	2.0283968719452594
404	2.0299608993157383
405	2.0347018572825024
406	2.020039100684262
407	2.018768328445748
408	2.015542521994135
409	2.010166177908113
410	2.001564027370479
411	1.9995112414467253
412	1.998435972629521
413	1.9973118279569892
414	2.0168621700879767
415	2.0285434995112417
416	2.0214565004887586
417	2.0176930596285434
418	2.023069403714565
419	2.027370478983382
420	2.0332355816226784
421	2.0243890518084067
422	2.021554252199414
423	2.0242424242424244
424	2.018866080156403
425	2.0248289345063535
426	2.0234115347018573
427	2.0338709677419358
428	2.027859237536657
429	2.0212121212121215
430	2.0288367546432062
431	2.0330400782013682
432	2.0310361681329425
433	2.0346529814271754
434	2.0257575757575763
435	2.022727272727273
436	2.0191593352883674
437	2.0205278592375366
438	2.019403714565005
439	2.02008797653959
440	2.0156891495601177
441	2.024291300097752
442	2.0249755620723366
443	2.021554252199414
444	2.0252199413489738
445	2.0254154447702835
446	2.0195503421309873
447	2.0307429130009775
448	2.01544477028348
449	2.0199413489736067
450	2.0176930596285434
451	2.015102639296188
452	2.021505376344086
453	2.0176930596285434
454	2.0142717497556206
455	2.020821114369501
456	2.019403714565005
457	2.022091886608016
458	2.018768328445748
459	2.0242424242424244
460	2.025904203323558
461	2.0174975562072333
462	2.014907135874878
463	2.021114369501466
464	2.0057673509286413
465	2.0052297165200392
466	2.007771260997068
467	2.007820136852395
468	2.0124144672531767
469	2.0178885630498535
470	2.0130009775171067
471	2.0149560117302054
472	2.0183773216031278
473	2.013978494623656
474	2.0056695992179865
475	2.0144672531769308
476	2.0136363636363637
477	2.0128543499511244
478	2.0144183773216033
479	2.0096285434995114
480	2.0139296187683287
481	2.0180840664711632
482	2.01544477028348
483	2.010361681329423
484	2.0144672531769308
485	2.0143206256109485
486	2.0115347018572827
487	2.006549364613881
488	2.0043010752688173
489	2.0127077223851417
490	2.0106060606060607
491	2.012512218963832
492	1.9992179863147606
493	2.0044477028348
494	2.006011730205279
495	2.0040078201368523
496	2.004545454545455
497	1.999071358748778
498	1.998631476050831
499	2.01485826001955
500	2.001564027370479
501	2.00425219941349
502	2.007478005865103
503	2.0003421309872924
504	2.002394916911046
505	1.9945259042033234
506	1.9935972629521015
507	1.9933528836754641
508	1.9897360703812317
509	1.9858260019550342
510	1.993841642228739
511	1.9875855327468233
512	1.9946236559139785
513	1.9971652003910068
514	1.9957966764418376
515	1.9987292277614859
516	1.9941837732160312
517	1.4455522971652004
518	1.3478005865102638
519	1.8450146627565982
520	1.9557673509286413
521	1.9603616813294231
522	1.9190127077223853
523	1.1636852394916912
524	1.1040078201368524
525	1.1057673509286412
526	1.1085043988269794
527	1.1053763440860214
528	1.1048387096774193
529	1.1050342130987292
530	1.0957478005865102
531	1.0968719452590419
532	1.1033724340175952
533	1.102297165200391
534	1.1052785923753663
535	1.1049853372434018
536	1.1057184750733136
537	1.100635386119257
538	1.0996578690127077
539	1.1003421309872923
540	1.1015151515151513
541	1.1001466275659824
542	1.0977517106549364
543	1.1018084066471163
544	1.0992668621700878
545	1.0946236559139784
546	1.0966764418377322
547	1.0972140762463343
548	1.1009775171065492
549	1.10366568914956
550	1.104692082111437
551	1.1050342130987292
552	1.1043499511241446
553	1.1052785923753663
554	1.1090420332355815
555	1.1128054740957967
556	1.1118768328445747
557	1.112854349951124
558	1.108357771260997
559	1.1141251221896382
560	1.1186705767350928
561	1.162512218963832
562	1.2373900293255131
563	1.2665200391006843
564	1.2665689149560115
565	1.2643206256109483
566	1.1349951124144673
567	1.1134408602150536
568	1.1086999022482893
569	1.108357771260997
570	1.108357771260997
571	1.104936461388074
572	1.1057673509286412
573	1.1071847507331378
574	1.1065493646138806
575	1.104398826979472
576	1.1040566959921796
577	1.1038123167155425
578	1.1094330400782013
579	1.104692082111437
580	1.103763440860215
581	1.1035190615835777
582	1.106500488758553
583	1.1050830889540566
584	1.1047898338220918
585	1.1068426197458454
586	1.1027859237536657
587	1.1059628543499511
588	1.1055229716520039
589	1.1042521994134897
590	1.1034701857282503
591	1.106989247311828
592	1.1066471163245355
593	1.1056207233626587
594	1.106598240469208
595	1.1052785923753663
596	1.105327468230694
597	1.105865102639296
598	1.1059628543499511
599	1.1090420332355815
600	1.10733137829912
601	1.1054252199413488
602	1.102003910068426
603	1.1040078201368524
604	1.106989247311828
605	1.1028836754643205
606	1.1039100684261975
607	1.1015151515151513
608	1.1041055718475072
609	1.1034213098729226
610	1.1035679374389051
611	1.104203323558162
612	1.10733137829912
613	1.1043499511241446
614	1.1054740957966764
615	1.1022482893450636
616	1.1028347996089929
617	1.1055229716520039
618	1.1080156402737047
619	1.106060606060606
620	1.108455522971652
621	1.1014662756598241
622	1.106500488758553
623	1.1032746823069401
624	1.1065493646138806
625	1.1035190615835777
626	1.1039100684261975
627	1.103763440860215
628	1.1088465298142716
629	1.1086510263929619
630	1.1051808406647115
631	1.1060117302052785
632	1.1015151515151513
633	1.1013196480938416
634	1.1072336265884652
635	1.1062072336265885
636	1.1072825024437927
637	1.1040078201368524
638	1.1008308895405667
639	1.1067448680351906
640	1.1045454545454545
641	1.104594330400782
642	1.104936461388074
643	1.106060606060606
644	1.1044477028347994
645	1.1040566959921796
646	1.1054740957966764
647	1.1041544477028347
648	1.1039100684261975
649	1.103030303030303
650	1.105229716520039
651	1.1057184750733136
652	1.1043499511241446
653	1.1083088954056695
654	1.1095796676441838
655	1.1017106549364613
656	1.108357771260997
657	1.1077712609970674
658	1.1077712609970674
659	1.1080156402737047
660	1.1055229716520039
661	1.106598240469208
662	1.1091397849462366
663	1.103030303030303
664	1.1066959921798631
665	1.1067448680351906
666	1.106989247311828
667	1.1043010752688172
668	1.1077223851417397
669	1.1055229716520039
670	1.1058162267839686
671	1.1062072336265885
672	1.1040566959921796
673	1.1035190615835777
674	1.1071358748778104
675	1.1052785923753663
676	1.1066959921798631
677	1.1034213098729226
678	1.1044965786901269
679	1.1035190615835777
680	1.1044965786901269
681	1.1051808406647115
682	1.1023460410557184
683	1.106793743890518
684	1.1048875855327467
685	1.1047898338220918
686	1.1035679374389051
687	1.1091397849462366
688	1.1040078201368524
689	1.1018084066471163
690	1.100733137829912
691	1.1031280547409579
692	1.1050830889540566
693	1.1029814271749754
694	1.1009775171065492
695	1.106500488758553
696	1.1078201368523948
697	1.1065493646138806
698	1.1075757575757577
699	1.106793743890518
700	1.105229716520039
701	1.103030303030303
702	1.105865102639296
703	1.1043010752688172
704	1.106989247311828
705	1.108455522971652
706	1.1050830889540566
707	1.1040078201368524
708	1.103030303030303
709	1.1058162267839686
710	1.1076246334310849
711	1.1069403714565003
712	1.106989247311828
713	1.104203323558162
714	1.1083088954056695
715	1.1078201368523948
716	1.1032746823069401
717	1.1047409579667644
718	1.1054252199413488
719	1.10733137829912
720	1.1055229716520039
721	1.1064516129032258
722	1.105865102639296
723	1.1060117302052785
724	1.1060117302052785
725	1.1062072336265885
726	1.1017595307917887
727	1.106353861192571
728	1.1036168132942326
729	1.1040566959921796
730	1.1019550342130986
731	1.104936461388074
732	1.1059139784946237
733	1.1012218963831866
734	1.106989247311828
735	1.1083088954056695
736	1.1048875855327467
737	1.1028347996089929
738	1.1078690127077222
739	1.1074780058651026
740	1.1053763440860214
741	1.1064516129032258
742	1.1037145650048874
743	1.1066471163245355
744	1.1068426197458454
745	1.1048387096774193
746	1.1055229716520039
747	1.1086021505376342
748	1.1033235581622678
749	1.1059139784946237
750	1.1087976539589444
751	1.104203323558162
752	1.1058162267839686
753	1.104203323558162
754	1.108993157380254
755	1.106989247311828
756	1.1050830889540566
757	1.109921798631476
758	1.1033724340175952
759	1.106060606060606
760	1.1031280547409579
761	1.1067448680351906
762	1.106793743890518
763	1.1077223851417397
764	1.1043010752688172
765	1.1040078201368524
766	1.1055229716520039
767	1.106353861192571
768	1.1060117302052785
769	1.105229716520039
770	1.1086510263929619
771	1.1057184750733136
772	1.108260019550342
773	1.1084066471163245
774	1.10733137829912
775	1.1071358748778104
776	1.1046432062561093
777	1.102199413489736
778	1.1042521994134897
779	1.1064027370478982
780	1.1060117302052785
781	1.1029814271749754
782	1.105327468230694
783	1.1049853372434018
784	1.104692082111437
785	1.1034213098729226
786	1.101564027370479
787	1.1056695992179861
788	1.1000488758553273
789	1.1079178885630498
790	1.1012218963831866
791	1.1070869990224828
792	1.1062072336265885
793	1.104936461388074
794	1.1034701857282503
795	1.103763440860215
796	1.1054252199413488
797	1.1082111436950146
798	1.1043010752688172
799	1.1028347996089929
800	1.1017106549364613
801	1.108260019550342
802	1.1070381231671553
803	1.1008797653958944
804	1.105229716520039
805	1.0989247311827957
806	1.1012218963831866
807	1.1065493646138806
808	1.1043010752688172
809	1.106060606060606
810	1.1041544477028347
811	1.104936461388074
812	1.1055718475073313
813	1.1041055718475072
814	1.105865102639296
815	1.1035679374389051
816	1.1023949169110459
817	1.1023949169110459
818	1.1025904203323558
819	1.1048875855327467
820	1.1039589442815247
821	1.1031769305962853
822	1.1049853372434018
823	1.1006842619745845
824	1.102932551319648
825	1.1070381231671553
826	1.1042521994134897
827	1.1032746823069401
828	1.1002932551319646
829	1.1035190615835777
830	1.1011241446725317
831	1.1070381231671553
832	1.1005865102639296
833	1.105327468230694
834	1.1036168132942326
835	1.1032746823069401
836	1.1033724340175952
837	1.1014173998044965
838	1.0987781036168132
839	1.100635386119257
840	1.0991691104594328
841	1.1046432062561093
842	1.108993157380254
843	1.099902248289345
844	1.1040566959921796
845	1.1014662756598241
846	1.1018572825024437
847	1.1022482893450636
848	1.1018572825024437
849	1.100635386119257
850	1.104398826979472
851	1.098240469208211
852	1.1013196480938416
853	1.09960899315738
854	1.1017595307917887
855	1.1030791788856305
856	1.1082111436950146
857	1.1011730205278591
858	1.1039100684261975
859	1.1018572825024437
860	1.1047409579667644
861	1.1026881720430108
862	1.1008797653958944
863	1.1013196480938416
864	1.1054740957966764
865	1.1009775171065492
866	1.1021505376344085
867	1.1015151515151513
868	1.1034701857282503
869	1.099364613880743
870	1.1013196480938416
871	1.1006842619745845
872	1.101270772238514
873	1.1035679374389051
874	1.1047409579667644
875	1.1045454545454545
876	1.1016617790811338
877	1.1019061583577712
878	1.0982893450635385
879	1.100097751710655
880	1.1033235581622678
881	1.1012218963831866
882	1.1028347996089929
883	1.1019061583577712
884	1.1017106549364613
885	1.1001466275659824
886	1.0980938416422286
887	1.0985337243401758
888	1.097800586510264
889	1.102297165200391
890	1.1050830889540566
891	1.104203323558162
892	1.1017595307917887
893	1.1014662756598241
894	1.1018572825024437
895	1.102199413489736
896	1.1025415444770283
897	1.1035190615835777
898	1.1026392961876832
899	1.0970185728250244
900	1.1027859237536657
901	1.0998044965786902
902	1.1000488758553273
903	1.102199413489736
904	1.1008308895405667
905	1.1019061583577712
906	1.1026392961876832
907	1.0976539589442815
908	1.1050342130987292
909	1.1051319648093842
910	1.099364613880743
911	1.1035190615835777
912	1.1044965786901269
913	1.1009286412512218
914	1.098631476050831
915	1.098435972629521
916	1.1016129032258062
917	1.0984848484848484
918	1.0998533724340176
919	1.1004398826979471
920	1.0995601173020526
921	1.1003421309872923
922	1.0988758553274682
923	1.097507331378299
924	1.0997556207233625
925	1.0985826001955035
926	1.0962854349951123
927	1.0994623655913978
928	1.1043499511241446
929	1.1008797653958944
930	1.1030791788856305
931	1.1006842619745845
932	1.0960899315738024
933	1.1043499511241446
934	1.1007820136852393
935	1.100097751710655
936	1.0924242424242423
937	1.099071358748778
938	1.0960899315738024
939	1.096041055718475
940	1.0978494623655912
941	1.0993157380254153
942	1.1011241446725317
943	1.0956011730205277
944	1.0964320625610948
945	1.0966764418377322
946	1.0988758553274682
947	1.1016129032258062
948	1.101564027370479
949	1.0969208211143695
950	1.099706744868035
951	1.0932551319648094
952	1.0965786901270773
953	1.1014662756598241
954	1.0991691104594328
955	1.1000488758553273
956	1.0947702834799609
957	1.0957478005865102
958	1.100537634408602
959	1.1004887585532745
960	1.0965298142717497
961	1.0974095796676442
962	1.0940371456500488
963	1.0935972629521016
964	1.0992668621700878
965	1.098240469208211
966	1.0955522971652003
967	1.0988269794721406
968	1.096969696969697
969	1.0992179863147604
970	1.0928641251221896
971	1.0961876832844575
972	1.0932062561094817
973	1.0985337243401758
974	1.0929130009775172
975	1.0987781036168132
976	1.097507331378299
977	1.0947702834799609
978	1.0998533724340176
979	1.0956500488758552
980	1.095845552297165
981	1.097800586510264
982	1.097947214076246
983	1.0934017595307917
984	1.0966275659824045
985	1.105865102639296
986	1.0933528836754642
987	1.0972140762463343
988	1.0996578690127077
989	1.0950635386119256
990	1.0972140762463343
991	1.0917399804496577
992	1.0963831867057672
993	1.0948680351906157
994	1.0961876832844575
995	1.0983870967741933
996	1.0965786901270773
997	1.100733137829912
998	1.1013196480938416
999	1.0970185728250244
1000	1.0957478005865102
1001	1.095112414467253
1002	1.1007820136852393
1003	1.0945259042033235
1004	1.0980938416422286
1005	1.0964320625610948
1006	1.0997556207233625
1007	1.1021505376344085
1008	1.0959921798631476
1009	1.0980449657869011
1010	1.0904692082111438
1011	1.0956989247311828
1012	1.0952101661779081
1013	1.0971163245356792
1014	1.0944281524926684
1015	1.0947702834799609
1016	1.091055718475073
1017	1.0948680351906157
1018	1.0952101661779081
1019	1.093841642228739
1020	1.0986803519061583
1021	1.0965298142717497
1022	1.0963831867057672
1023	1.0972140762463343
1024	1.0995112414467252
1025	1.0977517106549364
1026	1.095112414467253
1027	1.093841642228739
1028	1.0902737047898337
1029	1.095845552297165
1030	1.0929130009775172
1031	1.0987781036168132
1032	1.0995601173020526
1033	1.1020527859237534
1034	1.0957966764418376
1035	1.096774193548387
1036	1.0968230694037144
1037	1.0939882697947214
1038	1.0945259042033235
1039	1.1009286412512218
1040	1.0934995112414465
1041	1.0950635386119256
1042	1.1010752688172043
1043	1.0943304007820136
1044	1.0960899315738024
1045	1.0903225806451613
1046	1.0914956011730204
1047	1.0923264907135875
1048	1.0963831867057672
1049	1.0978494623655912
1050	1.092717497556207
1051	1.0995601173020526
1052	1.0952101661779081
1053	1.098631476050831
1054	1.0947214076246332
1055	1.0974095796676442
1056	1.09613880742913
1057	1.0956989247311828
1058	1.093108504398827
1059	1.0920332355816227
1060	1.096774193548387
1061	1.0956989247311828
1062	1.0940371456500488
1063	1.0956989247311828
1064	1.0973118279569891
1065	1.095845552297165
1066	1.093646138807429
1067	1.0940860215053763
1068	1.0966764418377322
1069	1.0974095796676442
1070	1.098973607038123
1071	1.0980449657869011
1072	1.096041055718475
1073	1.097947214076246
1074	1.0978983382209189
1075	1.0960899315738024
1076	1.0925219941348974
1077	1.0952590420332355
1078	1.0980938416422286
1079	1.0948191593352883
1080	1.0939393939393938
1081	1.0940371456500488
1082	1.0957966764418376
1083	1.0988269794721406
1084	1.0922776148582598
1085	1.0955034213098727
1086	1.095307917888563
1087	1.0955034213098727
1088	1.0952590420332355
1089	1.092717497556207
1090	1.094183773216031
1091	1.0940371456500488
1092	1.094134897360704
1093	1.0924242424242423
1094	1.0928152492668621
1095	1.095112414467253
1096	1.0948680351906157
1097	1.095307917888563
1098	1.096041055718475
1099	1.0939882697947214
1100	1.0916911045943305
1101	1.0901270772238514
1102	1.0947214076246332
1103	1.0923264907135875
1104	1.094379276637341
1105	1.0970674486803518
1106	1.0947214076246332
1107	1.0915933528836754
1108	1.0925219941348974
1109	1.0936950146627566
1110	1.0940371456500488
1111	1.0949169110459434
1112	1.0929130009775172
1113	1.091348973607038
1114	1.0949657869012708
1115	1.0968230694037144
1116	1.0928641251221896
1117	1.0934017595307917
1118	1.0918377321603125
1119	1.0929130009775172
1120	1.094379276637341
1121	1.0901759530791788
1122	1.0949657869012708
1123	1.0903714565004887
1124	1.0947702834799609
1125	1.0950635386119256
1126	1.0959921798631476
1127	1.0915933528836754
1128	1.0939882697947214
1129	1.0929130009775172
1130	1.0947214076246332
1131	1.0922776148582598
1132	1.0965298142717497
1133	1.0973118279569891
1134	1.0936950146627566
1135	1.095112414467253
1136	1.0920332355816227
1137	1.0932551319648094
1138	1.0935483870967742
1139	1.097507331378299
1140	1.0973607038123168
1141	1.09208211143695
1142	1.0964320625610948
1143	1.0955034213098727
1144	1.094281524926686
1145	1.0939882697947214
1146	1.0931573802541543
1147	1.0929618768328444
1148	1.0956011730205277
1149	1.0974095796676442
1150	1.093841642228739
1151	1.096774193548387
1152	1.0979960899315737
1153	1.0980449657869011
1154	1.0966764418377322
1155	1.093108504398827
1156	1.0955522971652003
1157	1.0967253176930594
1158	1.09594330400782
1159	1.0971652003910066
1160	1.0987781036168132
1161	1.0929130009775172
1162	1.0925708699902248
1163	1.0968230694037144
1164	1.0972140762463343
1165	1.097702834799609
1166	1.0949657869012708
1167	1.0976539589442815
1168	1.099071358748778
1169	1.0926197458455522
1170	1.0971652003910066
1171	1.096969696969697
1172	1.0947702834799609
1173	1.0933528836754642
1174	1.0971163245356792
1175	1.0929130009775172
1176	1.0966764418377322
1177	1.0951612903225805
1178	1.0965786901270773
1179	1.0961876832844575
1180	1.0970674486803518
1181	1.0981427174975562
1182	1.0985826001955035
1183	1.0972629521016617
1184	1.0973607038123168
1185	1.0966275659824045
1186	1.0937927663734115
1187	1.1004398826979471
1188	1.09960899315738
1189	1.0984848484848484
1190	1.0972140762463343
1191	1.098435972629521
1192	1.0996578690127077
1193	1.1003910068426195
1194	1.0965298142717497
1195	1.1032258064516127
1196	1.1022482893450636
1197	1.09594330400782
1198	1.1010752688172043
1199	1.0964809384164222
1200	1.101564027370479
1201	1.1052785923753663
1202	1.099364613880743
1203	1.0988269794721406
1204	1.1002443792766374
1205	1.0990224828934507
1206	1.0993157380254153
1207	1.0999511241446724
1208	1.0962854349951123
1209	1.099071358748778
1210	1.099364613880743
1211	1.098631476050831
1212	1.1004887585532745
1213	1.1019550342130986
1214	1.1016129032258062
1215	1.0987781036168132
1216	1.1064516129032258
1217	1.1034213098729226
1218	1.1017106549364613
1219	1.1033724340175952
1220	1.1078690127077222
1221	1.1034213098729226
1222	1.1022482893450636
1223	1.1031769305962853
1224	1.1058162267839686
1225	1.1051319648093842
1226	1.1038123167155425
1227	1.101564027370479
1228	1.1048875855327467
1229	1.1048875855327467
1230	1.1048875855327467
1231	1.1032746823069401
1232	1.103763440860215
1233	1.1073802541544475
1234	1.1048387096774193
1235	1.10733137829912
1236	1.1070381231671553
1237	1.1071847507331378
1238	1.1043010752688172
1239	1.1043010752688172
1240	1.1075757575757577
1241	1.1071358748778104
1242	1.1060117302052785
1243	1.1111436950146627
1244	1.1143206256109481
1245	1.1083088954056695
1246	1.1072336265884652
1247	1.1078690127077222
1248	1.1069403714565003
1249	1.1112414467253178
1250	1.1092375366568914
1251	1.1116813294232648
1252	1.1104105571847507
1253	1.1117302052785922
1254	1.1115347018572823
1255	1.1125610948191593
1256	1.1118768328445747
1257	1.109726295210166
1258	1.1104105571847507
1259	1.1139296187683283
1260	1.1147116324535677
1261	1.1083088954056695
1262	1.1135874877810361
1263	1.1133919843597262
1264	1.1113391984359726
1265	1.1138807429130009
1266	1.115884652981427
1267	1.1107038123167154
1268	1.1146627565982403
1269	1.1119257086999021
1270	1.1152003910068424
1271	1.1135874877810361
1272	1.116080156402737
1273	1.1226783968719452
1274	1.1164222873900291
1275	1.1127077223851416
1276	1.1164711632453568
1277	1.1179863147605082
1278	1.1176930596285435
1279	1.1136363636363635
1280	1.1184261974584555
1281	1.1195503421309871
1282	1.1170576735092863
1283	1.1203323558162266
1284	1.1202346041055717
1285	1.116715542521994
1286	1.1207722385141738
1287	1.1161779081133918
1288	1.119745845552297
1289	1.1252199413489736
1290	1.1225806451612903
1291	1.1199902248289344
1292	1.1237536656891494
1293	1.1243401759530791
1294	1.1186705767350928
1295	1.123802541544477
1296	1.1268817204301076
1297	1.1254154447702835
1298	1.1193059628543498
1299	1.123802541544477
1300	1.1217497556207232
1301	1.1247800586510264
1302	1.1282991202346042
1303	1.1286412512218964
1304	1.1273704789833823
1305	1.1294721407624635
1306	1.130987292277615
1307	1.1287390029325515
1308	1.1251221896383188
1309	1.1299120234604108
1310	1.1279081133919846
1311	1.1299608993157382
1312	1.1242424242424243
1313	1.1251221896383188
1314	1.1289833822091888
1315	1.1294721407624635
1316	1.1329423264907137
1317	1.1268817204301076
1318	1.128396871945259
1319	1.134310850439883
1320	1.1330889540566962
1321	1.1347018572825025
1322	1.135483870967742
1323	1.1359726295210166
1324	1.1355327468230696
1325	1.1399804496578692
1326	1.136510263929619
1327	1.1375855327468232
1328	1.1365591397849464
1329	1.133186705767351
1330	1.1359237536656892
1331	1.1375855327468232
1332	1.1369990224828936
1333	1.1390518084066472
1334	1.1391984359726297
1335	1.140713587487781
1336	1.1401270772238516
1337	1.1447214076246335
1338	1.140566959921799
1339	1.140713587487781
1340	1.1471163245356795
1341	1.140909090909091
1342	1.1440371456500489
1343	1.1430107526881723
1344	1.1468230694037145
1345	1.147165200391007
1346	1.144868035190616
1347	1.1456989247311828
1348	1.145405669599218
1349	1.1481427174975563
1350	1.1487781036168134
1351	1.1491202346041058
1352	1.1458455522971653
1353	1.1447214076246335
1354	1.1489247311827957
1355	1.149462365591398
1356	1.1506842619745847
1357	1.1520527859237537
1358	1.150635386119257
1359	1.1532746823069404
1360	1.1469208211143695
1361	1.1498533724340176
1362	1.1569403714565005
1363	1.156549364613881
1364	1.1565982404692081
1365	1.1573802541544478
1366	1.159188660801564
1367	1.1531280547409581
1368	1.1567448680351906
1369	1.1589931573802543
1370	1.1569403714565005
1371	1.157086999022483
1372	1.1593352883675465
1373	1.1589442815249267
1374	1.1564027370478984
1375	1.1600684261974585
1376	1.1586999022482893
1377	1.1600684261974585
1378	1.1566959921798632
1379	1.1663734115347018
1380	1.164711632453568
1381	1.1642228739002933
1382	1.1641251221896385
1383	1.1653470185728252
1384	1.16544477028348
1385	1.1644672531769307
1386	1.173704789833822
1387	1.1672531769305963
1388	1.1659824046920821
1389	1.1722385141739982
1390	1.1730205278592376
1391	1.1720430107526882
1392	1.1716520039100684
1393	1.1726783968719454
1394	1.1704789833822091
1395	1.1758553274682308
1396	1.171798631476051
1397	1.1763440860215055
1398	1.1786412512218964
1399	1.1740469208211144
1400	1.1782013685239492
1401	1.1748778103616815
1402	1.1785923753665688
1403	1.180449657869013
1404	1.1772238514174
1405	1.1778103616813294
1406	1.1806451612903226
1407	1.1840664711632454
1408	1.1849462365591399
1409	1.1853372434017597
1410	1.1886608015640274
1411	1.1877321603128055
1412	1.1868035190615835
1413	1.1860703812316715
1414	1.1882697947214076
1415	1.191642228739003
1416	1.1868523949169112
1417	1.190078201368524
1418	1.1883675464320624
1419	1.1905180840664713
1420	1.1933528836754643
1421	1.1960899315738025
1422	1.1942326490713588
1423	1.1962854349951124
1424	1.19266862170088
1425	1.1929618768328447
1426	1.1956500488758555
1427	1.1955522971652006
1428	1.2003910068426198
1429	1.19980449657869
1430	1.1995112414467253
1431	1.201466275659824
1432	1.1997067448680352
1433	1.1983870967741936
1434	1.2005865102639295
1435	1.1997556207233626
1436	1.2058162267839687
1437	1.2050830889540567
1438	1.2079667644183774
1439	1.2090420332355816
1440	1.206793743890518
1441	1.2090420332355816
1442	1.2061094819159337
1443	1.2105083088954056
1444	1.21177908113392
1445	1.2086999022482894
1446	1.2133431085043989
1447	1.2133919843597263
1448	1.2163245356793746
1449	1.2128054740957965
1450	1.2147605083088955
1451	1.214418377321603
1452	1.2197458455522971
1453	1.2219452590420332
1454	1.2183284457478007
1455	1.2221407624633431
1456	1.221407624633431
1457	1.2236559139784948
1458	1.221603128054741
1459	1.2220430107526883
1460	1.2228739002932552
1461	1.2204789833822092
1462	1.221603128054741
1463	1.2240469208211144
1464	1.230987292277615
1465	1.2239491691104594
1466	1.229227761485826
1467	1.2280058651026393
1468	1.2316715542521994
1469	1.2329912023460412
1470	1.2283479960899315
1471	1.2349462365591397
1472	1.2318670576735093
1473	1.231818181818182
1474	1.2386608015640275
1475	1.2328934506353861
1476	1.2328445747800587
1477	1.2376832844574779
1478	1.2374389051808408
1479	1.2366568914956013
1480	1.2394916911045943
1481	1.2405669599217986
1482	1.2386608015640275
1483	1.2402248289345064
1484	1.2455522971652004
1485	1.2436461388074291
1486	1.2456989247311827
1487	1.2487781036168133
1488	1.2513196480938416
1489	1.2473607038123167
1490	1.2474584555229715
1491	1.2504887585532747
1492	1.2505865102639295
1493	1.254692082111437
1494	1.2549364613880742
1495	1.2590420332355816
1496	1.2553274682306939
1497	1.2573802541544477
1498	1.2617302052785924
1499	1.2586510263929618
1500	1.263685239491691
1501	1.2651515151515151
1502	1.2653958944281525
1503	1.264613880742913
1504	1.262316715542522
1505	1.2681818181818183
1506	1.2686705767350928
1507	1.2701368523949168
1508	1.272531769305963
1509	1.2689638318670577
1510	1.2719941348973607
1511	1.2747800586510263
1512	1.2742424242424242
1513	1.2747800586510263
1514	1.276930596285435
1515	1.2763929618768328
1516	1.2767839687194527
1517	1.277468230694037
1518	1.282258064516129
1519	1.2811827956989248
1520	1.281524926686217
1521	1.2825024437927663
1522	1.286950146627566
1523	1.2840175953079178
1524	1.282991202346041
1525	1.2853372434017596
1526	1.2865102639296189
1527	1.2936461388074292
1528	1.2951612903225806
1529	1.2942815249266861
1530	1.2878299120234604
1531	1.291984359726295
1532	1.2932551319648093
1533	1.297605083088954
1534	1.3006842619745844
1535	1.296969696969697
1536	1.3002443792766372
1537	1.2979472140762462
1538	1.3021016617790813
1539	1.310557184750733
1540	1.304203323558162
1541	1.308553274682307
1542	1.3080156402737046
1543	1.3096774193548386
1544	1.3117790811339196
1545	1.3115347018572823
1546	1.3122678396871945
1547	1.3111436950146627
1548	1.3155913978494624
1549	1.3152003910068424
1550	1.3152981427174977
1551	1.3208699902248289
1552	1.3176441837732158
1553	1.3221896383186704
1554	1.3206256109481915
1555	1.3261485826001953
1556	1.3257575757575757
1557	1.3255620723362658
1558	1.3279081133919843
1559	1.3330400782013685
1560	1.335288367546432
1561	1.3360703812316717
1562	1.3359726295210164
1563	1.330596285434995
1564	1.3368035190615835
1565	1.3337732160312803
1566	1.3376344086021505
1567	1.3398338220918866
1568	1.3376344086021505
1569	1.3382697947214075
1570	1.3368035190615835
1571	1.3402248289345062
1572	1.3430596285434995
1573	1.3462854349951123
1574	1.344574780058651
1575	1.343939393939394
1576	1.348338220918866
1577	1.3492668621700878
1578	1.350537634408602
1579	1.3585043988269794
1580	1.3533724340175952
1581	1.3569892473118277
1582	1.3578690127077222
1583	1.3523949169110459
1584	1.3574291300097752
1585	1.359384164222874
1586	1.3594819159335287
1587	1.3600684261974583
1588	1.362218963831867
1589	1.3639784946236557
1590	1.365151515151515
1591	1.3623655913978494
1592	1.3615835777126097
1593	1.3677908113391983
1594	1.3682306940371456
1595	1.3711632453567937
1596	1.3701368523949167
1597	1.371212121212121
1598	1.3775171065493645
1599	1.373069403714565
1600	1.3768328445747802
1601	1.3761485826001956
1602	1.3805962854349954
1603	1.380254154447703
1604	1.3831378299120236
1605	1.3790811339198439
1606	1.3838709677419354
1607	1.3834799608993158
1608	1.3810850439882698
1609	1.3844574780058652
1610	1.3820625610948192
1611	1.3863147605083088
1612	1.3916422287390031
1613	1.3906647116324535
1614	1.39613880742913
1615	1.396774193548387
1616	1.3949169110459434
1617	1.3968719452590421
1618	1.3981427174975563
1619	1.4050342130987294
1620	1.4005865102639297
1621	1.4042521994134898
1622	1.4071358748778104
1623	1.401026392961877
1624	1.406989247311828
1625	1.4042033235581624
1626	1.4122678396871946
1627	1.4068426197458455
1628	1.4143206256109482
1629	1.4099217986314763
1630	1.4151026392961876
1631	1.4112903225806452
1632	1.4209188660801566
1633	1.4197458455522973
1634	1.4224828934506355
1635	1.4204301075268817
1636	1.423900293255132
1637	1.423998044965787
1638	1.4276148582600194
1639	1.4277126099706747
1640	1.421505376344086
1641	1.4241446725317695
1642	1.4339687194525903
1643	1.4347018572825025
1644	1.4375366568914956
1645	1.43475073313783
1646	1.4385630498533724
1647	1.438709677419355
1648	1.433088954056696
1649	1.4401759530791791
1650	1.444134897360704
1651	1.443743890518084
1652	1.4466275659824048
1653	1.4482404692082111
1654	1.4484848484848487
1655	1.4486803519061584
1656	1.4498044965786903
1657	1.4549853372434018
1658	1.4539100684261976
1659	1.4522482893450637
1660	1.4560606060606063
1661	1.4573802541544478
1662	1.4650048875855328
1663	1.463440860215054
1664	1.4674975562072337
1665	1.4641251221896383
1666	1.458651026392962
1667	1.4635386119257088
1668	1.4677908113391984
1669	1.467644183773216
1670	1.4730694037145649
1671	1.4670576735092866
1672	1.4722385141739982
1673	1.4712121212121212
1674	1.4720918866080157
1675	1.4779569892473117
1676	1.4769794721407625
1677	1.4791300097751712
1678	1.479325513196481
1679	1.480400782013685
1680	1.489882697947214
1681	1.4824046920821115
1682	1.4874389051808405
1683	1.4849462365591397
1684	1.4830400782013686
1685	1.489247311827957
1686	1.4891495601173022
1687	1.4906158357771262
1688	1.491446725317693
1689	1.4965298142717498
1690	1.4970185728250245
1691	1.4929130009775171
1692	1.4962854349951122
1693	1.502199413489736
1694	1.50405669599218
1695	1.5065493646138808
1696	1.5092375366568915
1697	1.5118768328445746
1698	1.5050830889540567
1699	1.5102639296187683
1700	1.5128054740957966
1701	1.5165689149560118
1702	1.5136363636363637
1703	1.5180351906158356
1704	1.522336265884653
1705	1.520772238514174
1706	1.5253176930596284
1707	1.5233626588465299
1708	1.5225806451612902
1709	1.5240469208211143
1710	1.5309872922776149
1711	1.5288856304985337
1712	1.5335777126099706
1713	1.5382697947214077
1714	1.5347018572825024
1715	1.5374389051808406
1716	1.5339687194525904
1717	1.5390029325513197
1718	1.5380254154447703
1719	1.541251221896383
1720	1.5373900293255132
1721	1.5430596285434994
1722	1.5434506353861193
1723	1.5467253176930595
1724	1.5459921798631475
1725	1.5498533724340176
1726	1.5481427174975562
1727	1.551124144672532
1728	1.5516129032258064
1729	1.556353861192571
1730	1.556060606060606
1731	1.5611436950146629
1732	1.5621700879765394
1733	1.563978494623656
1734	1.5627077223851418
1735	1.5646627565982405
1736	1.5657869012707724
1737	1.5712121212121213
1738	1.5670576735092863
1739	1.5667644183773215
1740	1.571407624633431
1741	1.5670576735092863
1742	1.5723851417399803
1743	1.577565982404692
1744	1.5847996089931573
1745	1.5792766373411533
1746	1.5810850439882698
1747	1.5784946236559139
1748	1.5805474095796677
1749	1.58455522971652
1750	1.5817204301075267
1751	1.5881231671554252
1752	1.5839687194525902
1753	1.586852394916911
1754	1.5925708699902246
1755	1.5924242424242423
1756	1.5992668621700878
1757	1.5942815249266862
1758	1.593646138807429
1759	1.592815249266862
1760	1.5956011730205277
1761	1.6009286412512218
1762	1.601270772238514
1763	1.6009775171065492
1764	1.6016129032258064
1765	1.6092375366568914
1766	1.606989247311828
1767	1.605865102639296
1768	1.6130987292277614
1769	1.6094330400782013
1770	1.6078690127077224
1771	1.6119745845552296
1772	1.6130498533724338
1773	1.612952101661779
1774	1.6169599217986312
1775	1.6192570869990224
1776	1.616813294232649
1777	1.6218963831867055
1778	1.627663734115347
1779	1.6268328445747802
1780	1.6258064516129032
1781	1.6299608993157382
1782	1.6311339198435975
1783	1.631622678396872
1784	1.6374389051808407
1785	1.6369012707722388
1786	1.6366568914956015
1787	1.6420821114369504
1788	1.6395894428152493
1789	1.6394916911045945
1790	1.642913000977517
1791	1.6429618768328447
1792	1.6415444770283483
1793	1.6463343108504398
1794	1.6434506353861194
1795	1.6486803519061584
1796	1.6546432062561096
1797	1.6440860215053765
1798	1.6496089931573803
1799	1.6531280547409581
1800	1.6527370478983383
1801	1.650293255131965
1802	1.6520527859237537
1803	1.6569403714565005
1804	1.6582111436950147
1805	1.661045943304008
1806	1.6633431085043988
1807	1.6599706744868037
1808	1.6584066471163246
1809	1.6576735092864128
1810	1.672629521016618
1811	1.6686705767350931
1812	1.671603128054741
1813	1.6783479960899315
1814	1.6734115347018574
1815	1.6746823069403713
1816	1.6740469208211144
1817	1.6785434995112416
1818	1.6805962854349952
1819	1.6774193548387097
1820	1.6782991202346043
1821	1.6855327468230696
1822	1.6872922776148584
1823	1.6855816226783968
1824	1.6881720430107527
1825	1.6927174975562072
1826	1.6882697947214078
1827	1.693401759530792
1828	1.700928641251222
1829	1.6957478005865103
1830	1.696969696969697
1831	1.6988269794721407
1832	1.6961876832844576
1833	1.705083088954057
1834	1.7046920821114369
1835	1.7046432062561094
1836	1.709188660801564
1837	1.7050342130987293
1838	1.7105571847507333
1839	1.7053763440860217
1840	1.7098729227761484
1841	1.7152492668621702
1842	1.7121212121212122
1843	1.7167155425219942
1844	1.717937438905181
1845	1.7222873900293256
1846	1.7190127077223851
1847	1.7231182795698925
1848	1.7193548387096773
1849	1.72316715542522
1850	1.7221896383186708
1851	1.7234115347018575
1852	1.7242424242424241
1853	1.7294721407624634
1854	1.72683284457478
1855	1.7321603128054741
1856	1.725855327468231
1857	1.737047898338221
1858	1.7367057673509285
1859	1.7379276637341152
1860	1.7345552297165199
1861	1.7422776148582602
1862	1.7441837732160315
1863	1.7495112414467253
1864	1.7448680351906158
1865	1.7487781036168133
1866	1.7443304007820135
1867	1.7455522971652002
1868	1.74613880742913
1869	1.7506353861192572
1870	1.7494134897360705
1871	1.748973607038123
1872	1.748435972629521
1873	1.7516617790811337
1874	1.7526881720430108
1875	1.7478983382209188
1876	1.7521505376344086
1877	1.759921798631476
1878	1.7552785923753667
1879	1.7553274682306939
1880	1.7597751710654936
1881	1.7672043010752687
1882	1.7644183773216031
1883	1.7642228739002932
1884	1.7655913978494624
1885	1.7667644183773217
1886	1.7713587487781037
1887	1.7690615835777126
1888	1.7733137829912022
1889	1.7749266862170088
1890	1.7766862170087976
1891	1.7702346041055719
1892	1.7818670576735092
1893	1.772531769305963
1894	1.7732649071358748
1895	1.7747800586510263
1896	1.770039100684262
1897	1.7759042033235581
1898	1.7777126099706746
1899	1.7756109481915934
1900	1.7822091886608014
1901	1.7892473118279568
1902	1.7862170087976539
1903	1.7968230694037146
1904	1.794477028347996
1905	1.796578690127077
1906	1.7942326490713587
1907	1.7873900293255132
1908	1.7934017595307918
1909	1.7999999999999998
1910	1.7952590420332355
1911	1.7998533724340176
1912	1.795650048875855
1913	1.808797653958944
1914	1.8066471163245355
1915	1.8063049853372433
1916	1.8062072336265884
1917	1.81119257086999
1918	1.8025415444770283
1919	1.8088465298142715
1920	1.8060117302052785
1921	1.8017106549364614
1922	1.8146627565982403
1923	1.816422287390029
1924	1.8151515151515152
1925	1.8105571847507331
1926	1.819208211143695
1927	1.8085532746823068
1928	1.8166666666666667
1929	1.8132942326490713
1930	1.824975562072336
1931	1.8265884652981428
1932	1.8222385141739978
1933	1.8214076246334312
1934	1.8288367546432063
1935	1.8254154447702835
1936	1.8297165200391008
1937	1.8277614858260018
1938	1.8309872922776147
1939	1.8301075268817204
1940	1.829130009775171
1941	1.8405669599217984
1942	1.8373900293255132
1943	1.833919843597263
1944	1.8355327468230693
1945	1.8387585532746822
1946	1.8378787878787877
1947	1.8369501466275657
1948	1.8415444770283478
1949	1.8469208211143695
1950	1.844281524926686
1951	1.852297165200391
1952	1.8505865102639296
1953	1.8451612903225805
1954	1.8450146627565982
1955	1.8455034213098727
1956	1.843108504398827
1957	1.8454056695992178
1958	1.846774193548387
1959	1.8462854349951123
1960	1.853030303030303
1961	1.852101661779081
1962	1.856989247311828
1963	1.8589442815249264
1964	1.859286412512219
1965	1.8604105571847505
1966	1.8591397849462366
1967	1.8581133919843598
1968	1.8562072336265882
1969	1.858260019550342
1970	1.8595307917888562
1971	1.8603616813294233
1972	1.85733137829912
1973	1.8667155425219941
1974	1.8634408602150536
1975	1.864516129032258
1976	1.867350928641251
1977	1.866813294232649
1978	1.8748289345063536
1979	1.871309872922776
1980	1.868279569892473
1981	1.8700879765395892
1982	1.8767350928641253
1983	1.8772238514173998
1984	1.8790811339198437
1985	1.878787878787879
1986	1.8802052785923755
1987	1.88494623655914
1988	1.8789833822091888
1989	1.8803030303030304
1990	1.8813782991202348
1991	1.8832355816226785
1992	1.8804496578690129
1993	1.8746334310850439
1994	1.8823558162267842
1995	1.8829912023460411
1996	1.8849951124144675
1997	1.8886608015640276
1998	1.8836754643206257
1999	1.8833822091886607
2000	1.885043988269795
2001	1.8849951124144675
2002	1.8898338220918869
2003	1.8893939393939394
2004	1.890175953079179
2005	1.8966764418377322
2006	1.8922776148582603
2007	1.8937927663734118
2008	1.8945747800586512
2009	1.8936461388074293
2010	1.8936950146627567
2011	1.8931573802541544
2012	1.9001955034213098
2013	1.895063538611926
2014	1.8929130009775172
2015	1.8911534701857284
2016	1.8977517106549364
2017	1.895307917888563
2018	1.9023460410557187
2019	1.9104594330400784
2020	1.9050830889540566
2021	1.9044477028347997
2022	1.9058651026392963
2023	1.9043010752688172
2024	1.9058651026392963
2025	1.908015640273705
2026	1.9041544477028347
2027	1.9108993157380256
2028	1.9088954056695993
2029	1.9013196480938417
2030	1.9110948191593353
2031	1.9122189638318672
2032	1.913343108504399
2033	1.9181329423264908
2034	1.9115835777126102
2035	1.9103616813294235
2036	1.908015640273705
2037	1.9141739980449657
2038	1.9049853372434018
2039	1.9163245356793743
2040	1.9260508308895405
2041	1.918670576735093
2042	1.9231182795698927
2043	1.9233137829912024
2044	1.9206744868035193
2045	1.9136363636363636
2046	1.9121700879765398
2047	1.9219941348973608
2048	1.918475073313783
2049	1.9222873900293256
2050	1.9170087976539592
2051	1.9272727272727272
2052	1.925659824046921
2053	1.9191104594330402
2054	1.927370478983382
2055	1.9243890518084068
2056	1.9242424242424243
2057	1.9187194525904203
2058	1.9239491691104593
2059	1.919403714565005
2060	1.918035190615836
2061	1.9218475073313783
2062	1.9316715542521996
2063	1.9348973607038125
2064	1.9298142717497555
2065	1.927859237536657
2066	1.9281036168132943
2067	1.9282013685239492
2068	1.9325024437927663
2069	1.934115347018573
2070	1.9376344086021506
2071	1.9451612903225808
2072	1.9369990224828935
2073	1.9422287390029327
2074	1.9313294232649072
2075	1.9309872922776148
2076	1.928690127077224
2077	1.9327956989247312
2078	1.9317693059628545
2079	1.929765395894428
2080	1.9344086021505376
2081	1.9337732160312806
2082	1.9380254154447702
2083	1.935043988269795
2084	1.9312805474095796
2085	1.9297165200391007
2086	1.9357282502443793
2087	1.933919843597263
2088	1.9411534701857285
2089	1.9312805474095796
2090	1.9391006842619747
2091	1.9452590420332356
2092	1.9352394916911047
2093	1.949462365591398
2094	1.9455522971652004
2095	1.949169110459433
2096	1.9371456500488757
2097	1.93880742913001
2098	1.9453567937438905
2099	1.9398338220918865
2100	1.9396383186705768
2101	1.9391984359726295
2102	1.9444281524926685
2103	1.9428641251221896
2104	1.9530791788856305
2105	1.9461876832844576
2106	1.9502443792766373
2107	1.9396383186705768
2108	1.940273704789834
2109	1.940713587487781
2110	1.9427663734115348
2111	1.944770283479961
2112	1.946969696969697
2113	1.9506842619745848
2114	1.9462854349951124
2115	1.9432062561094818
2116	1.9474095796676443
2117	1.9478005865102639
2118	1.949462365591398
2119	1.9521994134897362
2120	1.95405669599218
2121	1.9462854349951124
2122	1.9474095796676443
2123	1.9514173998044966
2124	1.9489247311827957
2125	1.9519061583577715
2126	1.9519550342130987
2127	1.9574291300097753
2128	1.9546432062561097
2129	1.9496578690127078
2130	1.9495112414467253
2131	1.9482404692082114
2132	1.9526881720430107
2133	1.9478005865102639
2134	1.9543010752688172
2135	1.9518084066471162
2136	1.9538123167155426
2137	1.9490224828934506
2138	1.9485826001955036
2139	1.9611925708699902
2140	1.9530791788856305
2141	1.95405669599218
2142	1.9588954056695993
2143	1.9546432062561097
2144	1.9497067448680354
2145	1.949462365591398
2146	1.953421309872923
2147	1.9526881720430107
2148	1.957184750733138
2149	1.959921798631476
2150	1.9542033235581622
2151	1.951466275659824
2152	1.9539589442815248
2153	1.945405669599218
2154	1.9631476050830892
2155	1.9611436950146628
2156	1.9586021505376345
2157	1.9565004887585533
2158	1.9485337243401761
2159	1.9625610948191594
2160	1.9467253176930597
2161	1.9504398826979472
2162	1.9572336265884653
2163	1.9563049853372434
2164	1.9536168132942326
2165	1.958651026392962
2166	1.9574780058651027
2167	1.9541055718475073
2168	1.9505865102639295
2169	1.951466275659824
2170	1.961485826001955
2171	1.9586999022482894
2172	1.9531280547409582
2173	1.956060606060606
2174	1.9586999022482894
2175	1.9542521994134896
2176	1.9573313782991204
2177	1.9541055718475073
2178	1.954887585532747
2179	1.9570381231671556
2180	1.9539589442815248
2181	1.949902248289345
2182	1.9593841642228738
2183	1.9498533724340177
2184	1.951466275659824
2185	1.950097751710655
2186	1.9514173998044966
2187	1.9535190615835778
2188	1.9578201368523949
2189	1.959481915933529
2190	1.9482893450635386
2191	1.955816226783969
2192	1.959090909090909
2193	1.9604594330400784
2194	1.9520039100684263
2195	1.9519550342130987
2196	1.9605083088954056
2197	1.9523460410557185
2198	1.951466275659824
2199	1.9520039100684263
2200	1.9425219941348975
2201	1.9480449657869012
2202	1.9528836754643206
2203	1.9492179863147605
2204	1.9537634408602151
2205	1.9570381231671556
2206	1.9584066471163246
2207	1.9470674486803519
2208	1.9523460410557185
2209	1.9549853372434018
2210	1.9420332355816226
2211	1.9480938416422287
2212	1.9550830889540567
2213	1.9521994134897362
2214	1.9503910068426198
2215	1.9509286412512221
2216	1.954789833822092
2217	1.9595307917888565
2218	1.9613391984359727
2219	1.9534701857282504
2220	1.9460899315738027
2221	1.9441348973607038
2222	1.945503421309873
2223	1.9518084066471162
2224	1.9530791788856305
2225	1.9497067448680354
2226	1.9473607038123169
2227	1.9438905180840667
2228	1.9439882697947215
2229	1.9400293255131966
2230	1.943841642228739
2231	1.9457478005865103
2232	1.9441837732160312
2233	1.9406647116324536
2234	1.9494134897360704
2235	1.9491202346041057
2236	1.9362658846529817
2237	1.9389540566959922
2238	1.9392961876832844
2239	1.9448191593352886
2240	1.9402248289345065
2241	1.93841642228739
2242	1.9352394916911047
2243	1.9452590420332356
2244	1.9450146627565983
2245	1.9347018572825023
2246	1.934017595307918
2247	1.943108504398827
2248	1.9389540566959922
2249	1.9360215053763443
2250	1.935923753665689
2251	1.934115347018573
2252	1.9395405669599217
2253	1.940713587487781
2254	1.9349951124144673
2255	1.9460410557184753
2256	1.9344574780058652
2257	1.9383675464320624
2258	1.9248289345063538
2259	1.9271749755620724
2260	1.9234115347018572
2261	1.932453567937439
2262	1.929423264907136
2263	1.9232160312805475
2264	1.9335288367546433
2265	1.9337732160312806
2266	1.9266373411534703
2267	1.9283479960899317
2268	1.9252199413489737
2269	1.9252688172043013
2270	1.9189149560117305
2271	1.9269794721407625
2272	1.9236559139784946
2273	1.9202834799608992
2274	1.9131476050830891
2275	1.9130009775171066
2276	1.9189638318670577
2277	1.9130009775171066
2278	1.9152981427174975
2279	1.916617790811339
2280	1.9116324535679374
2281	1.9212609970674486
2282	1.9182795698924733
2283	1.919941348973607
2284	1.9152003910068427
2285	1.9216031280547412
2286	1.9162267839687195
2287	1.91177908113392
2288	1.9086999022482893
2289	1.9111436950146627
2290	1.9158846529814273
2291	1.9174975562072336
2292	1.9090909090909092
2293	1.905816226783969
2294	1.9096285434995113
2295	1.9083577712609971
2296	1.90772238514174
2297	1.909188660801564
2298	1.905327468230694
2299	1.9049853372434018
2300	1.9039100684261976
2301	1.9000000000000001
2302	1.8975562072336267
2303	1.911681329423265
2304	1.9041055718475073
2305	1.9015151515151516
2306	1.9012707722385143
2307	1.9040566959921799
2308	1.9005376344086022
2309	1.887243401759531
2310	1.899462365591398
2311	1.898729227761486
2312	1.893010752688172
2313	1.8883675464320628
2314	1.889345063538612
2315	1.895698924731183
2316	1.8898826979472143
2317	1.8933528836754645
2318	1.8881231671554253
2319	1.8973118279569894
2320	1.900293255131965
2321	1.891544477028348
2322	1.8935483870967744
2323	1.8952101661779082
2324	1.889345063538612
2325	1.8917888563049854
2326	1.8856304985337244
2327	1.8881720430107527
2328	1.8883675464320628
2329	1.885043988269795
2330	1.8825024437927667
2331	1.8781036168132943
2332	1.8828934506353863
2333	1.8837243401759534
2334	1.8825024437927667
2335	1.8790322580645162
2336	1.871309872922776
2337	1.8745845552297165
2338	1.8747311827956987
2339	1.8758064516129034
2340	1.8709677419354838
2341	1.8779081133919846
2342	1.8628543499511239
2343	1.8762463343108506
2344	1.86505376344086
2345	1.8733626588465297
2346	1.8638318670576732
2347	1.8609481915933528
2348	1.8670576735092863
2349	1.8647605083088952
2350	1.8626099706744865
2351	1.8669599217986315
2352	1.8616324535679372
2353	1.8646627565982403
2354	1.8559139784946237
2355	1.8637341153470184
2356	1.859384164222874
2357	1.859824046920821
2358	1.8585532746823068
2359	1.8580156402737047
2360	1.854692082111437
2361	1.8624633431085043
2362	1.8459921798631476
2363	1.8561094819159334
2364	1.8519550342130988
2365	1.84227761485826
2366	1.849364613880743
2367	1.8443792766373412
2368	1.8434017595307919
2369	1.8463343108504398
2370	1.845210166177908
2371	1.8463831867057672
2372	1.8416911045943303
2373	1.8433528836754642
2374	1.8399804496578689
2375	1.8404692082111436
2376	1.8321603128054742
2377	1.8375855327468231
2378	1.8375855327468231
2379	1.8393450635386117
2380	1.833822091886608
2381	1.8349951124144672
2382	1.8349951124144672
2383	1.8278103616813295
2384	1.828299120234604
2385	1.8329912023460408
2386	1.832453567937439
2387	1.8279081133919843
2388	1.8210166177908111
2389	1.8171554252199413
2390	1.8271260997067447
2391	1.825904203323558
2392	1.827174975562072
2393	1.820234604105572
2394	1.8180840664711633
2395	1.8166666666666667
2396	1.8164711632453567
2397	1.819745845552297
2398	1.8188660801564025
2399	1.8156891495601173
2400	1.816911045943304
2401	1.812316715542522
2402	1.8135386119257086
2403	1.8123655913978494
2404	1.8146138807429129
2405	1.8079667644183774
2406	1.8065004887585534
2407	1.8072336265884652
2408	1.804203323558162
2409	1.8007820136852395
2410	1.800439882697947
2411	1.8022482893450635
2412	1.8020527859237536
2413	1.801173020527859
2414	1.798973607038123
2415	1.8016129032258066
2416	1.7952590420332355
2417	1.7962854349951123
2418	1.7916422287390028
2419	1.7925708699902247
2420	1.7981427174975562
2421	1.7945259042033237
2422	1.7878787878787878
2423	1.7855327468230693
2424	1.7869012707722385
2425	1.7891984359726294
2426	1.7792766373411535
2427	1.7814271749755621
2428	1.7783968719452592
2429	1.7824046920821115
2430	1.7763440860215054
2431	1.774828934506354
2432	1.7766373411534702
2433	1.7857282502443794
2434	1.7787390029325514
2435	1.7781036168132942
2436	1.7772727272727273
2437	1.7828445747800585
2438	1.7692570869990225
2439	1.7709188660801563
2440	1.7661290322580645
2441	1.768866080156403
2442	1.7645650048875854
2443	1.760948191593353
2444	1.7605083088954057
2445	1.7637341153470187
2446	1.7600684261974586
2447	1.7524437927663734
2448	1.7622678396871945
2449	1.762218963831867
2450	1.7607038123167156
2451	1.75791788856305
2452	1.7537145650048875
2453	1.753763440860215
2454	1.7527859237536656
2455	1.7558651026392962
2456	1.7549853372434017
2457	1.7505376344086023
2458	1.7449657869012707
2459	1.7428641251221895
2460	1.7463343108504399
2461	1.7412512218963832
2462	1.743743890518084
2463	1.7451124144672532
2464	1.736119257086999
2465	1.731524926686217
2466	1.7345063538611927
2467	1.7343108504398825
2468	1.734457478005865
2469	1.731524926686217
2470	1.7253176930596286
2471	1.7275171065493646
2472	1.7283968719452592
2473	1.7240957966764419
2474	1.7262463343108505
2475	1.7256598240469208
2476	1.725366568914956
2477	1.7234604105571847
2478	1.7284457478005864
2479	1.7186705767350927
2480	1.7222873900293256
2481	1.7130987292277615
2482	1.7097751710654936
2483	1.7112414467253176
2484	1.7112903225806453
2485	1.7118279569892474
2486	1.7058162267839687
2487	1.7106060606060607
2488	1.7100684261974586
2489	1.7020039100684263
2490	1.707820136852395
2491	1.703128054740958
2492	1.7035679374389052
2493	1.7016129032258065
2494	1.702394916911046
2495	1.7086021505376343
2496	1.7112414467253176
2497	1.703225806451613
2498	1.7021505376344086
2499	1.699364613880743
2500	1.6882209188660804
2501	1.689442815249267
2502	1.6904203323558165
2503	1.686021505376344
2504	1.6837243401759532
2505	1.6859237536656893
2506	1.6914956011730204
2507	1.6905180840664713
2508	1.6892961876832846
2509	1.680987292277615
2510	1.6747800586510266
2511	1.67683284457478
2512	1.6714565004887587
2513	1.678787878787879
2514	1.6737047898338222
2515	1.6734604105571846
2516	1.6716520039100684
2517	1.671163245356794
2518	1.6777126099706745
2519	1.6743401759530792
2520	1.6745845552297165
2521	1.6667644183773216
2522	1.6581133919843598
2523	1.6557673509286412
2524	1.6516129032258067
2525	1.6542033235581624
2526	1.6512707722385143
2527	1.6582111436950147
2528	1.653958944281525
2529	1.6531769305962856
2530	1.6520039100684263
2531	1.649266862170088
2532	1.6481427174975563
2533	1.6374389051808407
2534	1.6383675464320626
2535	1.6385630498533725
2536	1.630254154447703
2537	1.637047898338221
2538	1.6323558162267842
2539	1.6373900293255133
2540	1.6347018572825025
2541	1.6340664711632453
2542	1.628592375366569
2543	1.6301075268817204
2544	1.621407624633431
2545	1.6257086999022483
2546	1.6243890518084065
2547	1.620478983382209
2548	1.6241446725317692
2549	1.6259042033235585
2550	1.6213098729227762
2551	1.6157380254154445
2552	1.6109970674486804
2553	1.618181818181818
2554	1.6097751710654937
2555	1.6117790811339197
2556	1.604594330400782
2557	1.6013685239491688
2558	1.605327468230694
2559	1.6019550342130986
2560	1.6022482893450634
2561	1.6021505376344085
2562	1.5981427174975562
2563	1.5970674486803518
2564	1.587927663734115
2565	1.5906647116324535
2566	1.5940860215053763
2567	1.5918377321603128
2568	1.587487781036168
2569	1.587487781036168
2570	1.587585532746823
2571	1.5876344086021503
2572	1.5908602150537634
2573	1.5831378299120236
2574	1.5815738025415442
2575	1.5826490713587487
2576	1.5787390029325512
2577	1.5808895405669598
2578	1.5723851417399803
2579	1.5733137829912023
2580	1.5687194525904202
2581	1.5729227761485824
2582	1.571603128054741
2583	1.5663734115347019
2584	1.565689149560117
2585	1.5630009775171065
2586	1.560850439882698
2587	1.5578690127077224
2588	1.556891495601173
2589	1.564516129032258
2590	1.557624633431085
2591	1.5502443792766374
2592	1.545210166177908
2593	1.5450635386119256
2594	1.549169110459433
2595	1.5508797653958943
2596	1.5493157380254154
2597	1.5441837732160313
2598	1.5431573802541545
2599	1.5381231671554252
2600	1.5484848484848484
2601	1.5424731182795697
2602	1.5419354838709678
2603	1.5350439882697946
2604	1.5408602150537634
2605	1.5399804496578688
2606	1.5468230694037146
2607	1.5381720430107526
2608	1.5258064516129033
2609	1.5297165200391007
2610	1.5245845552297166
2611	1.5282013685239493
2612	1.5278592375366569
2613	1.5242424242424244
2614	1.5252199413489735
2615	1.5233626588465299
2616	1.529032258064516
2617	1.5249755620723362
2618	1.5197458455522972
2619	1.520478983382209
2620	1.5175953079178885
2621	1.513391984359726
2622	1.5075757575757576
2623	1.5114369501466276
2624	1.5024437927663734
2625	1.5098729227761487
2626	1.509726295210166
2627	1.5111925708699903
2628	1.4993157380254154
2629	1.4982404692082112
2630	1.502590420332356
2631	1.4968230694037146
2632	1.499462365591398
2633	1.5012707722385144
2634	1.49247311827957
2635	1.4938416422287388
2636	1.4912512218963834
2637	1.4843108504398828
2638	1.4868035190615836
2639	1.4783968719452592
2640	1.475171065493646
2641	1.4731671554252201
2642	1.4728739002932552
2643	1.4810361681329423
2644	1.479227761485826
2645	1.4757086999022484
2646	1.4735092864125123
2647	1.4686217008797655
2648	1.4704789833822094
2649	1.46950146627566
2650	1.4736559139784946
2651	1.4637341153470187
2652	1.4666177908113391
2653	1.4616324535679375
2654	1.4650537634408602
2655	1.4594330400782014
2656	1.464418377321603
2657	1.462512218963832
2658	1.4553763440860215
2659	1.4490713587487782
2660	1.4588954056695993
2661	1.4567448680351907
2662	1.45386119257087
2663	1.4439882697947215
2664	1.4501955034213099
2665	1.4483870967741934
2666	1.445503421309873
2667	1.4436950146627567
2668	1.4439882697947215
2669	1.4428152492668622
2670	1.441739980449658
2671	1.44266862170088
2672	1.4335288367546433
2673	1.4296676441837732
2674	1.4349462365591397
2675	1.4366568914956013
2676	1.431720430107527
2677	1.4291300097751711
2678	1.426099706744868
2679	1.4293743890518085
2680	1.4272727272727272
2681	1.4232160312805475
2682	1.4265395894428152
2683	1.416177908113392
2684	1.417741935483871
2685	1.4206744868035193
2686	1.4197458455522973
2687	1.4147605083088954
2688	1.4187194525904203
2689	1.416275659824047
2690	1.4144672531769307
2691	1.4084066471163248
2692	1.4121212121212123
2693	1.4104594330400781
2694	1.4095796676441839
2695	1.4011730205278594
2696	1.401564027370479
2697	1.4043499511241446
2698	1.4040566959921799
2699	1.3962854349951126
2700	1.4022971652003913
2701	1.3997556207233626
2702	1.3890029325513198
2703	1.3923264907135875
2704	1.3943792766373413
2705	1.3942815249266862
2706	1.3944281524926687
2707	1.3908602150537634
2708	1.3872922776148582
2709	1.3864613880742915
2710	1.3853372434017597
2711	1.3852883675464323
2712	1.3840664711632455
2713	1.3796187683284458
2714	1.3859726295210166
2715	1.3826001955034215
2716	1.3835288367546432
2717	1.3839687194525907
2718	1.380351906158358
2719	1.373607038123167
2720	1.3789833822091886
2721	1.3766373411534705
2722	1.371505376344086
2723	1.370185728250244
2724	1.3787390029325512
2725	1.3734115347018572
2726	1.3708211143695015
2727	1.3690615835777127
2728	1.365347018572825
2729	1.371505376344086
2730	1.3670087976539589
2731	1.3621700879765395
2732	1.3627077223851416
2733	1.365151515151515
2734	1.3611925708699901
2735	1.3568914956011728
2736	1.35752688172043
2737	1.356695992179863
2738	1.3580156402737047
2739	1.3585043988269794
2740	1.3508797653958942
2741	1.349071358748778
2742	1.3506353861192568
2743	1.3479960899315737
2744	1.3474584555229716
2745	1.3501466275659824
2746	1.3512218963831866
2747	1.352492668621701
2748	1.3440371456500488
2749	1.3478005865102638
2750	1.3459921798631473
2751	1.3426686217008796
2752	1.3368523949169109
2753	1.3401759530791788
2754	1.3373900293255132
2755	1.3365591397849461
2756	1.3392473118279569
2757	1.326295210166178
2758	1.331524926686217
2759	1.3299608993157381
2760	1.3294232649071358
2761	1.3244868035190616
2762	1.328396871945259
2763	1.3268328445747801
2764	1.3337732160312803
2765	1.3290811339198436
2766	1.3251221896383185
2767	1.3239002932551318
2768	1.3199902248289344
2769	1.3210166177908111
2770	1.3166177908113392
2771	1.3182795698924732
2772	1.3143695014662757
2773	1.3132942326490713
2774	1.3145650048875854
2775	1.308357771260997
2776	1.3102150537634407
2777	1.3087487781036167
2778	1.3072825024437928
2779	1.308553274682307
2780	1.303763440860215
2781	1.3013196480938416
2782	1.3042521994134897
2783	1.3021994134897361
2784	1.308993157380254
2785	1.2993646138807429
2786	1.3021016617790813
2787	1.303323558162268
2788	1.2955034213098728
2789	1.2925219941348973
2790	1.291104594330401
2791	1.293304007820137
2792	1.293010752688172
2793	1.2983382209188659
2794	1.2936461388074292
2795	1.2915933528836754
2796	1.2903225806451613
2797	1.2860703812316716
2798	1.2877321603128056
2799	1.2907135874877809
2800	1.2850928641251222
2801	1.2847996089931573
2802	1.282795698924731
2803	1.279325513196481
2804	1.2828934506353862
2805	1.2799120234604104
2806	1.278592375366569
2807	1.278396871945259
2808	1.2763929618768328
2809	1.2739491691104594
2810	1.2780058651026394
2811	1.2726295210166179
2812	1.2734115347018573
2813	1.2723851417399803
2814	1.26930596285435
2815	1.2680351906158358
2816	1.2651026392961875
2817	1.2697947214076246
2818	1.266080156402737
2819	1.2634408602150538
2820	1.2615835777126099
2821	1.2616813294232647
2822	1.2605571847507333
2823	1.2623655913978493
2824	1.257429130009775
2825	1.2590420332355816
2826	1.2586021505376344
2827	1.2575268817204301
2828	1.2530791788856306
2829	1.2486314760508308
2830	1.2582600195503422
2831	1.2493646138807428
2832	1.2503910068426198
2833	1.2535190615835778
2834	1.2484848484848485
2835	1.244037145650049
2836	1.2449657869012707
2837	1.2404692082111437
2838	1.2475073313782992
2839	1.240811339198436
2840	1.2402737047898338
2841	1.240811339198436
2842	1.2375366568914956
2843	1.2411045943304009
2844	1.2405669599217986
2845	1.2375366568914956
2846	1.2372434017595306
2847	1.233724340175953
2848	1.2335288367546433
2849	1.2336265884652982
2850	1.230791788856305
2851	1.233822091886608
2852	1.229423264907136
2853	1.2319159335288368
2854	1.2265395894428153
2855	1.23069403714565
2856	1.2233626588465298
2857	1.2251221896383186
2858	1.2276637341153471
2859	1.2249755620723364
2860	1.2235581622678398
2861	1.2188172043010752
2862	1.2235092864125123
2863	1.2221407624633431
2864	1.220674486803519
2865	1.2158357771260997
2866	1.217741935483871
2867	1.216177908113392
2868	1.2152981427174976
2869	1.2179863147605083
2870	1.2175464320625613
2871	1.2180351906158358
2872	1.217008797653959
2873	1.2175464320625613
2874	1.2093352883675466
2875	1.2113391984359727
2876	1.2098729227761487
2877	1.2059139784946236
2878	1.2087487781036168
2879	1.2090909090909092
2880	1.2070869990224828
2881	1.2072825024437928
2882	1.20386119257087
2883	1.2042521994134896
2884	1.20386119257087
2885	1.1996578690127078
2886	1.2037145650048877
2887	1.2002443792766373
2888	1.1988758553274683
2889	1.1996578690127078
2890	1.1996089931573803
2891	1.1949169110459432
2892	1.1952590420332356
2893	1.1987292277614858
2894	1.1938905180840667
2895	1.1884652981427175
2896	1.1937438905180842
2897	1.1941837732160314
2898	1.195503421309873
2899	1.194770283479961
2900	1.191642228739003
2901	1.1869990224828937
2902	1.1870478983382209
2903	1.1877321603128055
2904	1.1844086021505378
2905	1.1887096774193548
2906	1.1898826979472141
2907	1.18475073313783
2908	1.1837243401759532
2909	1.185777126099707
2910	1.1834799608993156
2911	1.1839198435972629
2912	1.1838709677419355
2913	1.1774193548387097
2914	1.1819648093841644
2915	1.183284457478006
2916	1.179423264907136
2917	1.1800097751710656
2918	1.185679374389052
2919	1.1780058651026395
2920	1.1779081133919844
2921	1.1775171065493646
2922	1.1743401759530794
2923	1.175268817204301
2924	1.1744379276637342
2925	1.177126099706745
2926	1.1778103616813294
2927	1.1797165200391007
2928	1.1697947214076247
2929	1.175366568914956
2930	1.1744868035190617
2931	1.1724828934506353
2932	1.1728250244379277
2933	1.1719452590420334
2934	1.1717008797653958
2935	1.1737536656891496
2936	1.1739002932551321
2937	1.1720918866080157
2938	1.175659824046921
2939	1.1717008797653958
2940	1.1677908113391986
2941	1.167741935483871
2942	1.1673509286412513
2943	1.1674486803519064
2944	1.167741935483871
2945	1.1682795698924733
2946	1.1657380254154448
2947	1.16564027370479
2948	1.1643206256109482
2949	1.16564027370479
2950	1.1680351906158357
2951	1.1617302052785925
2952	1.1630987292277615
2953	1.163343108504399
2954	1.1590909090909092
2955	1.1613880742913
2956	1.1580645161290324
2957	1.1618279569892473
2958	1.160654936461388
2959	1.1595307917888564
2960	1.1601173020527862
2961	1.1569403714565005
2962	1.159921798631476
2963	1.1543499511241448
2964	1.1601661779081134
2965	1.1531280547409581
2966	1.1547409579667645
2967	1.1562072336265885
2968	1.1559628543499512
2969	1.153225806451613
2970	1.1505376344086022
2971	1.1537145650048877
2972	1.1522482893450636
2973	1.1485826001955035
2974	1.1493157380254155
2975	1.1522482893450636
2976	1.1491202346041058
2977	1.151759530791789
2978	1.146041055718475
2979	1.1483382209188662
2980	1.1539100684261976
2981	1.1503910068426197
2982	1.1482893450635387
2983	1.1449169110459434
2984	1.1474095796676442
2985	1.1479472140762463
2986	1.147067448680352
2987	1.1458944281524928
2988	1.1447214076246335
2989	1.1460899315738027
2990	1.145796676441838
2991	1.140713587487781
2992	1.1444770283479961
2993	1.1441837732160314
2994	1.1420332355816227
2995	1.14652981427175
2996	1.1376832844574782
2997	1.1400293255131966
2998	1.1365591397849464
2999	1.1379276637341154
3000	1.1392961876832846
3001	1.1437438905180841
3002	1.1418866080156405
3003	1.137145650048876
3004	1.1396871945259044
3005	1.135777126099707
3006	1.1357282502443793
3007	1.1360703812316717
3008	1.1382697947214075
3009	1.1349951124144673
3010	1.1348973607038124
3011	1.1359237536656892
3012	1.135581622678397
3013	1.135386119257087
3014	1.1349951124144673
3015	1.1361192570869991
3016	1.1344574780058654
3017	1.1304985337243403
3018	1.130987292277615
3019	1.128396871945259
3020	1.1294721407624635
3021	1.1292277614858262
3022	1.1274682306940373
3023	1.128494623655914
3024	1.1328445747800588
3025	1.1267839687194527
3026	1.1279081133919846
3027	1.1340664711632455
3028	1.1310361681329424
3029	1.1264418377321603
3030	1.129863147605083
3031	1.130254154447703
3032	1.1289833822091888
3033	1.1289833822091888
3034	1.1289345063538612
3035	1.1227272727272726
3036	1.1284457478005867
3037	1.121407624633431
3038	1.125268817204301
3039	1.1248778103616812
3040	1.1228250244379274
3041	1.1267350928641253
3042	1.1231671554252198
3043	1.126295210166178
3044	1.1217986314760509
3045	1.1193059628543498
3046	1.1225317693059627
3047	1.1210654936461386
3048	1.119843597262952
3049	1.1173020527859236
3050	1.1252199413489736
3051	1.1156402737047897
3052	1.1193548387096774
3053	1.1174486803519061
3054	1.1189149560117302
3055	1.1200879765395892
3056	1.1170576735092863
3057	1.1174975562072333
3058	1.1154447702834798
3059	1.1151026392961876
3060	1.1139784946236557
3061	1.114956011730205
3062	1.1173020527859236
3063	1.1124144672531768
3064	1.1113391984359726
3065	1.11158357771261
3066	1.1146627565982403
3067	1.1156891495601173
3068	1.114956011730205
3069	1.109824046920821
3070	1.1139296187683283
3071	1.1151026392961876
3072	1.1153958944281523
3073	1.1143206256109481
3074	1.1133431085043988
3075	1.111485826001955
3076	1.1137341153470184
3077	1.1119745845552296
3078	1.1088954056695992
3079	1.1116813294232648
3080	1.111827956989247
3081	1.1111436950146627
3082	1.1119745845552296
3083	1.1092375366568914
3084	1.1083088954056695
3085	1.1060117302052785
3086	1.1075757575757577
3087	1.1086021505376342
3088	1.1113880742912998
3089	1.1071847507331378
3090	1.1072336265884652
3091	1.1039589442815247
3092	1.109090909090909
3093	1.1044965786901269
3094	1.108357771260997
3095	1.1063049853372433
3096	1.103030303030303
3097	1.1072336265884652
3098	1.1039589442815247
3099	1.1030791788856305
3100	1.1082111436950146
3101	1.1060117302052785
3102	1.1013196480938416
3103	1.1095796676441838
3104	1.1046432062561093
3105	1.1047409579667644
3106	1.1016129032258062
3107	1.105327468230694
3108	1.1057184750733136
3109	1.1048875855327467
3110	1.1025415444770283
3111	1.1040078201368524
3112	1.1018572825024437
3113	1.1011241446725317
3114	1.1030791788856305
3115	1.099706744868035
3116	1.102199413489736
3117	1.1009775171065492
3118	1.1004887585532745
3119	1.1027859237536657
3120	1.1033724340175952
3121	1.098973607038123
3122	1.1014173998044965
3123	1.1068426197458454
3124	1.1017106549364613
3125	1.099071358748778
3126	1.0992668621700878
3127	1.0974095796676442
3128	1.1003910068426195
3129	1.0995601173020526
3130	1.0977517106549364
3131	1.0999511241446724
3132	1.0991202346041056
3133	1.0987292277614857
3134	1.0966275659824045
3135	1.103030303030303
3136	1.1013196480938416
3137	1.100537634408602
3138	1.1013196480938416
3139	1.100097751710655
3140	1.099706744868035
3141	1.0985337243401758
3142	1.1003421309872923
3143	1.1026881720430108
3144	1.1014173998044965
3145	1.0981427174975562
3146	1.1019550342130986
3147	1.0986803519061583
3148	1.0971652003910066
3149	1.1016129032258062
3150	1.0992179863147604
3151	1.0971652003910066
3152	1.0959921798631476
3153	1.1000488758553273
3154	1.100097751710655
3155	1.100097751710655
3156	1.0993157380254153
3157	1.0959921798631476
3158	1.0969208211143695
3159	1.094574780058651
3160	1.0965786901270773
3161	1.0964320625610948
3162	1.097947214076246
3163	1.0937927663734115
3164	1.097702834799609
3165	1.097800586510264
3166	1.099706744868035
3167	1.096236559139785
3168	1.0972629521016617
3169	1.0934017595307917
3170	1.0991202346041056
3171	1.0958944281524925
3172	1.0983870967741933
3173	1.0978983382209189
3174	1.0970185728250244
3175	1.097702834799609
3176	1.097947214076246
3177	1.096041055718475
3178	1.0973607038123168
3179	1.1005865102639296
3180	1.0969208211143695
3181	1.0930596285434993
3182	1.0976050830889539
3183	1.0956500488758552
3184	1.0959921798631476
3185	1.097800586510264
3186	1.0949657869012708
3187	1.0956011730205277
3188	1.0965298142717497
3189	1.0953567937438906
3190	1.0948191593352883
3191	1.09247311827957
3192	1.0906158357771258
3193	1.0974095796676442
3194	1.0970674486803518
3195	1.09960899315738
3196	1.094281524926686
3197	1.0972140762463343
3198	1.0970185728250244
3199	1.0915933528836754
3200	1.095112414467253
3201	1.0965786901270773
3202	1.093646138807429
3203	1.093646138807429
3204	1.0954545454545455
3205	1.0927663734115347
3206	1.0940371456500488
3207	1.0953567937438906
3208	1.0932551319648094
3209	1.0949657869012708
3210	1.0980938416422286
3211	1.0933528836754642
3212	1.0914956011730204
3213	1.0952590420332355
3214	1.0940860215053763
3215	1.0985826001955035
3216	1.0952590420332355
3217	1.097702834799609
3218	1.094134897360704
3219	1.0916422287390029
3220	1.094574780058651
3221	1.0966275659824045
3222	1.0926197458455522
3223	1.0951612903225805
3224	1.0956989247311828
3225	1.0948680351906157
3226	1.0987781036168132
3227	1.0981427174975562
3228	1.0923264907135875
3229	1.0936950146627566
3230	1.0970674486803518
3231	1.0953567937438906
3232	1.0943304007820136
3233	1.0953567937438906
3234	1.0955034213098727
3235	1.0946236559139784
3236	1.0940860215053763
3237	1.0911534701857282
3238	1.0946725317693058
3239	1.0981915933528836
3240	1.097702834799609
3241	1.0911534701857282
3242	1.094379276637341
3243	1.0934995112414465
3244	1.0935483870967742
3245	1.094574780058651
3246	1.0930596285434993
3247	1.0923264907135875
3248	1.094281524926686
3249	1.0913000977517107
3250	1.0922287390029324
3251	1.0929618768328444
3252	1.0938905180840663
3253	1.094134897360704
3254	1.0913000977517107
3255	1.0965786901270773
3256	1.090713587487781
3257	1.093841642228739
3258	1.0908602150537634
3259	1.0934017595307917
3260	1.0952101661779081
3261	1.0960899315738024
3262	1.0939393939393938
3263	1.0933040078201368
3264	1.0968719452590419
3265	1.097947214076246
3266	1.0937927663734115
3267	1.0888563049853373
3268	1.095845552297165
3269	1.0940371456500488
3270	1.0965298142717497
3271	1.0952101661779081
3272	1.0974584555229716
3273	1.0926686217008796
3274	1.09613880742913
3275	1.0918866080156402
3276	1.090518084066471
3277	1.0919354838709676
3278	1.0987781036168132
3279	1.0935483870967742
3280	1.0975562072336265
3281	1.0925708699902248
3282	1.0946236559139784
3283	1.0923264907135875
3284	1.0949169110459434
3285	1.0931573802541543
3286	1.0950146627565982
3287	1.0951612903225805
3288	1.094379276637341
3289	1.0952101661779081
3290	1.0955034213098727
3291	1.0948191593352883
3292	1.092717497556207
3293	1.0987292277614857
3294	1.0954056695992178
3295	1.0929618768328444
3296	1.0937927663734115
3297	1.0931573802541543
3298	1.0988758553274682
3299	1.0948680351906157
3300	1.0966275659824045
3301	1.0950146627565982
3302	1.0949169110459434
3303	1.0955522971652003
3304	1.0925708699902248
3305	1.0992668621700878
3306	1.0994623655913978
3307	1.0964809384164222
3308	1.0946236559139784
3309	1.094477028347996
3310	1.09594330400782
3311	1.100097751710655
3312	1.091544477028348
3313	1.09613880742913
3314	1.0946725317693058
3315	1.093646138807429
3316	1.0973607038123168
3317	1.0912512218963832
3318	1.0957478005865102
3319	1.0957478005865102
3320	1.0955522971652003
3321	1.0939393939393938
3322	1.0924242424242423
3323	1.0990224828934507
3324	1.0974584555229716
3325	1.0972140762463343
3326	1.0956989247311828
3327	1.0947702834799609
3328	1.0981915933528836
3329	1.0991202346041056
3330	1.094134897360704
3331	1.0925219941348974
3332	1.098435972629521
3333	1.0965786901270773
3334	1.0956500488758552
3335	1.09594330400782
3336	1.0956011730205277
3337	1.096236559139785
3338	1.0964809384164222
3339	1.0932062561094817
3340	1.0969208211143695
3341	1.0988758553274682
3342	1.0972140762463343
3343	1.0985337243401758
3344	1.0928641251221896
3345	1.0951612903225805
3346	1.098435972629521
3347	1.098338220918866
3348	1.0971652003910066
3349	1.0998533724340176
3350	1.0949169110459434
3351	1.0996578690127077
3352	1.0947702834799609
3353	1.0957478005865102
3354	1.0976539589442815
3355	1.0954056695992178
3356	1.096236559139785
3357	1.1001466275659824
3358	1.0955522971652003
3359	1.098338220918866
3360	1.0944281524926684
3361	1.09247311827957
3362	1.0944281524926684
3363	1.096041055718475
3364	1.097702834799609
3365	1.0955522971652003
3366	1.0948191593352883
3367	1.096236559139785
3368	1.097947214076246
3369	1.0965786901270773
3370	1.0973118279569891
3371	1.0964809384164222
3372	1.0991691104594328
3373	1.0957478005865102
3374	1.0979960899315737
3375	1.0974584555229716
3376	1.0985337243401758
3377	1.097947214076246
3378	1.0956011730205277
3379	1.093450635386119
3380	1.0942326490713588
3381	1.0977517106549364
3382	1.0964809384164222
3383	1.1007820136852393
3384	1.1022482893450636
3385	1.0985337243401758
3386	1.0974095796676442
3387	1.102101661779081
3388	1.0968719452590419
3389	1.0985337243401758
3390	1.096774193548387
3391	1.0957966764418376
3392	1.0952101661779081
3393	1.0981427174975562
3394	1.0959921798631476
3395	1.0981427174975562
3396	1.0954545454545455
3397	1.0964320625610948
3398	1.1000488758553273
3399	1.1017106549364613
3400	1.0969208211143695
3401	1.0980449657869011
3402	1.0998533724340176
3403	1.1009286412512218
3404	1.1011241446725317
3405	1.0978983382209189
3406	1.097947214076246
3407	1.1007820136852393
3408	1.0965786901270773
3409	1.0971163245356792
3410	1.1005865102639296
3411	1.0954545454545455
3412	1.096969696969697
3413	1.0964809384164222
3414	1.0996578690127077
3415	1.0968230694037144
3416	1.0972140762463343
3417	1.0976050830889539
3418	1.100733137829912
3419	1.0975562072336265
3420	1.0972140762463343
3421	1.0988758553274682
3422	1.0942326490713588
3423	1.0979960899315737
3424	1.1014662756598241
3425	1.0955522971652003
3426	1.0965298142717497
3427	1.0992668621700878
3428	1.1007820136852393
3429	1.100097751710655
3430	1.09594330400782
3431	1.0906647116324535
3432	1.085483870967742
3433	1.083088954056696
3434	1.0843108504398826
3435	1.0885630498533723
3436	1.0846529814271748
3437	1.086217008797654
3438	1.0859237536656892
3439	1.0843597262952103
3440	1.0845063538611923
3441	1.0854349951124145
3442	1.0826979472140763
3443	1.0820136852394917
3444	1.0792277614858259
3445	1.0825513196480938
3446	1.0834799608993158
3447	1.0823069403714565
3448	1.087390029325513
3449	1.083822091886608
3450	1.083088954056696
3451	1.0806940371456502
3452	1.0827956989247312
3453	1.0843597262952103
3454	1.0871456500488759
3455	1.0831867057673508
3456	1.0831378299120236
3457	1.0856793743890518
3458	1.082355816226784
3459	1.0880254154447704
3460	1.0840664711632453
3461	1.086217008797654
3462	1.0824535679374387
3463	1.083822091886608
3464	1.0880254154447704
3465	1.082893450635386
3466	1.081427174975562
3467	1.0826490713587487
3468	1.078836754643206
3469	1.0842130987292278
3470	1.087390029325513
3471	1.0842130987292278
3472	1.0843597262952103
3473	1.0833822091886607
3474	1.0824535679374387
3475	1.0810850439882698
3476	1.0826490713587487
3477	1.0825024437927662
3478	1.0800586510263928
3479	1.0850439882697946
3480	1.082991202346041
3481	1.0826001955034212
3482	1.0844574780058651
3483	1.085728250244379
3484	1.0850439882697946
3485	1.0833822091886607
3486	1.0842130987292278
3487	1.0849951124144672
3488	1.0849462365591396
3489	1.0842619745845552
3490	1.0828445747800586
3491	1.0824535679374387
3492	1.0790322580645162
3493	1.079765395894428
3494	1.0859726295210166
3495	1.0818181818181818
3496	1.083919843597263
3497	1.0838709677419354
3498	1.0869012707722385
3499	1.0784946236559139
3500	1.081231671554252
3501	1.0849951124144672
3502	1.0849951124144672
3503	1.0837732160312805
3504	1.082355816226784
3505	1.0906647116324535
3506	1.0835288367546432
3507	1.0838709677419354
3508	1.0816715542521993
3509	1.082062561094819
3510	1.0811827956989246
3511	1.0843108504398826
3512	1.0835288367546432
3513	1.0827468230694037
3514	1.0844086021505375
3515	1.0854349951124145
3516	1.0850439882697946
3517	1.0803030303030303
3518	1.0838709677419354
3519	1.087390029325513
3520	1.082160312805474
3521	1.0826979472140763
3522	1.0859237536656892
3523	1.085826001955034
3524	1.083919843597263
3525	1.0844574780058651
3526	1.08455522971652
3527	1.0872922776148581
3528	1.086754643206256
3529	1.0871456500488759
3530	1.08455522971652
3531	1.086217008797654
3532	1.085288367546432
3533	1.0837243401759529
3534	1.083088954056696
3535	1.0863147605083088
3536	1.081524926686217
3537	1.0875366568914955
3538	1.0878299120234602
3539	1.0886608015640273
3540	1.091055718475073
3541	1.0893939393939391
3542	1.0882697947214075
3543	1.0853372434017594
3544	1.0847996089931573
3545	1.0888563049853373
3546	1.0871456500488759
3547	1.0896871945259041
3548	1.089051808406647
3549	1.085581622678397
3550	1.0873411534701856
3551	1.0852394916911046
3552	1.0843108504398826
3553	1.0886119257086997
3554	1.0909090909090908
3555	1.0925219941348974
3556	1.086021505376344
3557	1.0889051808406647
3558	1.0868035190615837
3559	1.0859237536656892
3560	1.0866080156402735
3561	1.0916911045943305
3562	1.0886119257086997
3563	1.0894916911045942
3564	1.087390029325513
3565	1.0892961876832843
3566	1.0842130987292278
3567	1.0918377321603125
3568	1.0875366568914955
3569	1.0923264907135875
3570	1.085288367546432
3571	1.0903225806451613
3572	1.0912512218963832
3573	1.0888563049853373
3574	1.0917888563049853
3575	1.0881720430107524
3576	1.0847018572825025
3577	1.0864125122189638
3578	1.0891984359726294
3579	1.0865102639296187
3580	1.0865591397849461
3581	1.0875366568914955
3582	1.0875366568914955
3583	1.0841153470185727
3584	1.085288367546432
3585	1.0869012707722385
3586	1.0872434017595307
3587	1.0853372434017594
3588	1.0881720430107524
3589	1.0866568914956012
3590	1.0928641251221896
3591	1.0892961876832843
3592	1.0906158357771258
3593	1.095112414467253
3594	1.0879276637341153
3595	1.0922776148582598
3596	1.0885141739980448
3597	1.0913000977517107
3598	1.0909579667644183
3599	1.0911045943304007
3600	1.0896383186705767
3601	1.0886119257086997
3602	1.087878787878788
3603	1.0881231671554252
3604	1.0890029325513195
3605	1.0888074291300098
3606	1.0876344086021505
3607	1.0896871945259041
3608	1.0929618768328444
3609	1.0894916911045942
3610	1.0898338220918864
3611	1.087390029325513
3612	1.0891984359726294
3613	1.0893939393939391
3614	1.0908602150537634
3615	1.093108504398827
3616	1.0922287390029324
3617	1.091544477028348
3618	1.0910068426197457
3619	1.0873411534701856
3620	1.0884652981427174
3621	1.552834799608993
3622	2.3483870967741938
3623	2.352297165200391
3624	2.356451612903226
3625	2.3563049853372435
3626	2.358699902248289
3627	2.3520527859237537
3628	2.3533235581622676
3629	2.3553763440860216
3630	2.3568914956011735
3631	2.3559139784946237
3632	2.354203323558162
3633	2.359090909090909
3634	2.3623655913978494
3635	2.359824046920821
3636	2.3598729227761486
3637	2.3608504398826975
3638	2.3594819159335287
3639	2.3573313782991203
3640	2.3617790811339203
3641	2.3565493646138806
3642	2.35752688172043
3643	2.35713587487781
3644	2.367937438905181
3645	2.3645650048875857
3646	2.3626099706744865
3647	2.35791788856305
3648	2.361681329423265
3649	2.3646627565982405
3650	2.3625122189638317
3651	2.3536168132942326
3652	2.362414467253177
3653	2.362854349951124
3654	2.358357771260997
3655	2.3565004887585532
3656	2.363000977517107
3657	2.360948191593353
3658	2.3641739980449654
3659	2.366862170087977
3660	2.3647605083088954
3661	2.3614858260019553
3662	2.364613880742913
3663	2.3660312805474093
3664	2.364956011730205
3665	2.3689638318670574
3666	2.3636363636363638
3667	2.363685239491691
3668	2.3577712609970676
3669	2.3652981427174975
3670	2.363587487781036
3671	2.3636363636363638
3672	2.3604105571847507
3673	2.365004887585533
3674	2.371896383186706
3675	2.3663245356793743
3676	2.366422287390029
3677	2.354887585532747
3678	2.3652003910068427
3679	2.366373411534702
3680	2.369745845552297
3681	2.3530791788856305
3682	2.36158357771261
3683	2.3641251221896384
3684	2.3611436950146625
3685	2.3676930596285435
3686	2.367986314760508
3687	2.3685239491691106
3688	2.3690127077223853
3689	2.368230694037146
3690	2.3628054740957967
3691	2.365102639296188
3692	2.3629032258064515
3693	2.3691104594330405
3694	2.359335288367547
3695	2.3603616813294233
3696	2.360654936461388
3697	2.366275659824047
3698	2.363245356793744
3699	2.363587487781036
3700	2.3674486803519064
3701	2.3658357771260996
3702	2.3667644183773215
3703	2.356989247311828
3704	2.3661290322580646
3705	2.367741935483871
3706	2.3614369501466275
3707	2.3678885630498536
3708	2.361730205278592
3709	2.3671554252199414
3710	2.3720918866080156
3711	2.366275659824047
3712	2.3629032258064515
3713	2.3640273704789836
3714	2.360215053763441
3715	2.373460410557185
3716	2.3660312805474093
3717	2.3637341153470186
3718	2.3600195503421313
3719	2.3685239491691106
3720	2.367008797653959
3721	2.3570381231671553
3722	2.3707722385141743
3723	2.3678885630498536
3724	2.3704789833822093
3725	2.3623655913978494
3726	2.3676930596285435
3727	2.370625610948191
3728	2.3710166177908114
3729	2.375219941348974
3730	2.369208211143695
3731	2.3675953079178886
3732	2.3629032258064515
3733	2.3629032258064515
3734	2.3654936461388076
3735	2.3672531769305962
3736	2.362952101661779
3737	2.3667644183773215
3738	2.3628054740957967
3739	2.372140762463343
3740	2.37238514173998
3741	2.3710166177908114
3742	2.3714565004887587
3743	2.368670576735093
3744	2.36950146627566
3745	2.3652981427174975
3746	2.3732649071358747
3747	2.3644183773216034
3748	2.370136852394917
3749	2.366568914956012
3750	2.36950146627566
3751	2.3711143695014663
3752	2.3691104594330405
3753	2.363538611925709
3754	2.37316715542522
3755	2.366911045943304
3756	2.3684261974584557
3757	2.36524926686217
3758	2.3659335288367545
3759	2.3675953079178886
3760	2.371603128054741
3761	2.3732649071358747
3762	2.366471163245357
3763	2.3704301075268814
3764	2.3690127077223853
3765	2.3687194525904203
3766	2.37702834799609
3767	2.3693059628543502
3768	2.3750244379276637
3769	2.3719941348973608
3770	2.372336265884653
3771	2.3727761485826004
3772	2.366471163245357
3773	2.372873900293255
3774	2.3780547409579667
3775	2.374535679374389
3776	2.372043010752688
3777	2.3630498533724342
3778	2.3732160312805477
3779	2.3655425219941346
3780	2.3702346041055717
3781	2.37238514173998
3782	2.3693548387096772
3783	2.3743890518084068
3784	2.3688660801564025
3785	2.3676930596285435
3786	2.37238514173998
3787	2.364956011730205
3788	2.3698924731182798
3789	2.369208211143695
3790	2.3690127077223853
3791	2.374535679374389
3792	2.370283479960899
3793	2.379423264907136
3794	2.3703812316715545
3795	2.373851417399804
3796	2.3673020527859236
3797	2.3764907135874878
3798	2.3690127077223853
3799	2.374535679374389
3800	2.3729227761485827
3801	2.373851417399804
3802	2.3708211143695013
3803	2.3662267839687194
3804	2.3751221896383186
3805	2.368572825024438
3806	2.3691593352883675
3807	2.372873900293255
3808	2.379423264907136
3809	2.3749755620723363
3810	2.3762463343108506
3811	2.37702834799609
3812	2.3782502443792763
3813	2.3779569892473114
3814	2.3752688172043013
3815	2.3778103616813295
3816	2.3730205278592376
3817	2.3756109481915932
3818	2.370967741935484
3819	2.371603128054741
3820	2.372825024437928
3821	2.3752688172043013
3822	2.366177908113392
3823	2.367008797653959
3824	2.372678396871945
3825	2.3717497556207237
3826	2.3762463343108506
3827	2.3782013685239494
3828	2.3733137829912025
3829	2.369648093841642
3830	2.373460410557185
3831	2.3763440860215055
3832	2.3779081133919844
3833	2.3730205278592376
3834	2.376148582600196
3835	2.373607038123167
3836	2.3763440860215055
3837	2.3765884652981426
3838	2.376930596285435
3839	2.37297165200391
3840	2.3685239491691106
3841	2.37316715542522
3842	2.3742913000977515
3843	2.375171065493646
3844	2.3754154447702835
3845	2.3673509286412515
3846	2.3740957966764418
3847	2.366911045943304
3848	2.3763440860215055
3849	2.3694525904203325
3850	2.369599217986315
3851	2.3799120234604105
3852	2.3707233626588464
3853	2.376539589442815
3854	2.3759530791788857
3855	2.377126099706745
3856	2.3759530791788857
3857	2.36950146627566
3858	2.371700879765396
3859	2.38049853372434
3860	2.3740957966764418
3861	2.368230694037146
3862	2.3742913000977515
3863	2.3729227761485827
3864	2.3765884652981426
3865	2.37316715542522
3866	2.3737047898338224
3867	2.3738025415444772
3868	2.3743401759530793
3869	2.375464320625611
3870	2.377468230694037
3871	2.3779081133919844
3872	2.382013685239492
3873	2.377126099706745
3874	2.3670576735092865
3875	2.3750244379276637
3876	2.3766373411534705
3877	2.371407624633431
3878	2.371896383186706
3879	2.375855327468231
3880	2.3770772238514173
3881	2.3730694037145645
3882	2.3782013685239494
3883	2.3770772238514173
3884	2.3793743890518084
3885	2.378934506353861
3886	2.371309872922776
3887	2.3779569892473114
3888	2.371212121212121
3889	2.378885630498534
3890	2.3708211143695013
3891	2.3797653958944283
3892	2.3733137829912025
3893	2.3739980449657874
3894	2.375171065493646
3895	2.379960899315738
3896	2.3710166177908114
3897	2.3766862170087975
3898	2.3798142717497557
3899	2.372140762463343
3900	2.374535679374389
3901	2.382502443792766
3902	2.376099706744868
3903	2.3829423264907135
3904	2.3824046920821114
3905	2.3797653958944283
3906	2.385386119257087
3907	2.3806940371456498
3908	2.3878299120234603
3909	2.379130009775171
3910	2.3858748778103616
3911	2.3810361681329426
3912	2.377565982404692
3913	2.3799120234604105
3914	2.380205278592375
3915	2.377126099706745
3916	2.3819159335288367
3917	2.384652981427175
3918	2.3837243401759527
3919	2.3906647116324535
3920	2.3817693059628544
3921	2.3775171065493645
3922	2.3777126099706747
3923	2.3826001955034215
3924	2.3772238514174
3925	2.3816226783968717
3926	2.3781036168132945
3927	2.378739002932551
3928	2.3824046920821114
3929	2.376099706744868
3930	2.383626588465298
3931	2.379081133919844
3932	2.3841642228739004
3933	2.374633431085044
3934	2.3816226783968717
3935	2.382062561094819
3936	2.381720430107527
3937	2.371847507331378
3938	2.3856304985337244
3939	2.381964809384164
3940	2.3813782991202346
3941	2.3859237536656894
3942	2.3801075268817207
3943	2.385826001955034
3944	2.3888074291300097
3945	2.385679374389052
3946	2.3819159335288367
3947	2.3759042033235582
3948	2.383919843597263
3949	2.379423264907136
3950	2.3777614858260017
3951	2.384115347018573
3952	2.3862170087976544
3953	2.3815249266862173
3954	2.3762463343108506
3955	2.3847996089931573
3956	2.383626588465298
3957	2.3862170087976544
3958	2.383822091886608
3959	2.3859237536656894
3960	2.3826490713587485
3961	2.3851417399804498
3962	2.3852883675464316
3963	2.3858748778103616
3964	2.3777614858260017
3965	2.382795698924731
3966	2.386119257086999
3967	2.3784457478005865
3968	2.38088954056696
3969	2.378641251221896
3970	2.383822091886608
3971	2.3781036168132945
3972	2.38822091886608
3973	2.3812316715542523
3974	2.3781524926686215
3975	2.3859726295210164
3976	2.380596285434995
3977	2.38435972629521
3978	2.3762952101661776
3979	2.3903225806451616
3980	2.383088954056696
3981	2.380058651026393
3982	2.383919843597263
3983	2.3779081133919844
3984	2.378299120234604
3985	2.388954056695992
3986	2.380596285434995
3987	2.3852394916911046
3988	2.3792766373411536
3989	2.379423264907136
3990	2.3782013685239494
3991	2.383626588465298
3992	2.38435972629521
3993	2.379081133919844
3994	2.386314760508309
3995	2.383773216031281
3996	2.3833822091886607
3997	2.383186705767351
3998	2.392375366568915
3999	2.3855327468230696
4000	2.379081133919844
4001	2.383528836754643
4002	2.387145650048876
4003	2.387390029325513
4004	2.0978494623655917
4005	1.0986803519061583
4006	1.0975562072336265
4007	1.0928641251221896
4008	1.0923264907135875
4009	1.0974095796676442
4010	1.0945259042033235
4011	1.093450635386119
4012	1.0954545454545455
4013	1.0944281524926684
4014	1.0956989247311828
4015	1.097800586510264
4016	1.0929130009775172
4017	1.0955034213098727
4018	1.0951612903225805
4019	1.0947702834799609
4020	1.0962854349951123
4021	1.0968230694037144
4022	1.0957966764418376
4023	1.0970185728250244
4024	1.0964809384164222
4025	1.094477028347996
4026	1.0957966764418376
4027	1.0973118279569891
4028	1.0963343108504398
4029	1.0948680351906157
4030	1.0961876832844575
4031	1.0983870967741933
4032	1.0948191593352883
4033	1.0952590420332355
4034	1.0965786901270773
4035	1.0953567937438906
4036	1.0990224828934507
4037	1.0965298142717497
4038	1.0966764418377322
4039	1.0967253176930594
4040	1.094379276637341
4041	1.0981427174975562
4042	1.095112414467253
4043	1.0974584555229716
4044	1.0970674486803518
4045	1.0972140762463343
4046	1.097702834799609
4047	1.0940860215053763
4048	1.0978494623655912
4049	1.09613880742913
4050	1.098435972629521
4051	1.094379276637341
4052	1.0981915933528836
4053	1.0934995112414465
4054	1.0994134897360703
4055	1.0950635386119256
4056	1.09960899315738
4057	1.0968719452590419
4058	1.1009775171065492
4059	1.0973118279569891
4060	1.092717497556207
4061	1.0981427174975562
4062	1.0952101661779081
4063	1.0945259042033235
4064	1.0985826001955035
4065	1.098631476050831
4066	1.0988758553274682
4067	1.096041055718475
4068	1.0965786901270773
4069	1.0980938416422286
4070	1.0980449657869011
4071	1.0999511241446724
4072	1.0963831867057672
4073	1.0962854349951123
4074	1.0967253176930594
4075	1.0948680351906157
4076	1.0912023460410556
4077	1.094477028347996
4078	1.0958944281524925
4079	1.0970185728250244
4080	1.0972140762463343
4081	1.0950146627565982
4082	1.0949169110459434
4083	1.0971652003910066
4084	1.1009775171065492
4085	1.0962854349951123
4086	1.0971163245356792
4087	1.097507331378299
4088	1.0948680351906157
4089	1.0953567937438906
4090	1.098240469208211
4091	1.097800586510264
4092	1.0947702834799609
4093	1.0988758553274682
4094	1.100733137829912
4095	1.1031280547409579
4096	1.0946236559139784
4097	1.0974584555229716
4098	1.0972629521016617
4099	1.0987781036168132
4100	1.095845552297165
4101	1.0973118279569891
4102	1.0988269794721406
4103	1.0950635386119256
4104	1.1001955034213098
4105	1.0961876832844575
4106	1.1018572825024437
4107	1.0985826001955035
4108	1.0957478005865102
4109	1.1011730205278591
4110	1.0940371456500488
4111	1.0952590420332355
4112	1.0987781036168132
4113	1.095112414467253
4114	1.099364613880743
4115	1.1004887585532745
4116	1.1018572825024437
4117	1.097507331378299
4118	1.09960899315738
4119	1.102199413489736
4120	1.0962854349951123
4121	1.0984848484848484
4122	1.098435972629521
4123	1.0991691104594328
4124	1.0994623655913978
4125	1.097800586510264
4126	1.0967253176930594
4127	1.0966764418377322
4128	1.09594330400782
4129	1.0987292277614857
4130	1.0958944281524925
4131	1.0970185728250244
4132	1.0967253176930594
4133	1.0962854349951123
4134	1.0978494623655912
4135	1.0991202346041056
4136	1.1004398826979471
4137	1.1030791788856305
4138	1.0955034213098727
4139	1.1017595307917887
4140	1.0966764418377322
4141	1.0994134897360703
4142	1.1040078201368524
4143	1.0982893450635385
4144	1.1009286412512218
4145	1.0984848484848484
4146	1.1008797653958944
