2000 Sparse V=2000 E=2000
0 1902 1
1 560 1
2 675 1
3 833 1
4 956 1
5 500 1
6 944 1
7 799 1
8 1692 1
9 697 1
10 1107 1
11 21 1
12 1368 1
13 1306 1
14 532 1
15 1303 1
16 41 1
17 130 1
18 655 1
19 819 1
20 772 1
21 1233 1
22 62 1
23 444 1
24 708 1
25 1199 1
26 1324 1
27 1657 1
28 585 1
29 995 1
30 100 1
31 237 1
32 412 1
33 979 1
34 1997 1
35 1580 1
36 1685 1
37 1181 1
38 1279 1
39 1807 1
40 317 1
41 1764 1
42 361 1
43 1778 1
44 58 1
45 926 1
46 655 1
47 582 1
48 1225 1
49 1267 1
50 1758 1
51 967 1
52 253 1
53 1671 1
54 1788 1
55 452 1
56 642 1
57 463 1
58 514 1
59 474 1
60 1125 1
61 1465 1
62 1481 1
63 989 1
64 1932 1
65 482 1
66 607 1
67 377 1
68 538 1
69 1807 1
70 1798 1
71 1516 1
72 630 1
73 1998 1
74 1172 1
75 464 1
76 1671 1
77 1035 1
78 40 1
79 1600 1
80 638 1
81 1122 1
82 243 1
83 1382 1
84 1460 1
85 1965 1
86 1656 1
87 1359 1
88 1524 1
89 1023 1
90 1411 1
91 1930 1
92 1272 1
93 610 1
94 1762 1
95 876 1
96 1420 1
97 161 1
98 595 1
99 119 1
100 1409 1
101 1593 1
102 1866 1
103 1959 1
104 117 1
105 341 1
106 30 1
107 381 1
108 272 1
109 189 1
110 1686 1
111 1506 1
112 1904 1
113 627 1
114 1726 1
115 1088 1
116 91 1
117 776 1
118 1553 1
119 1826 1
120 1366 1
121 558 1
122 1170 1
123 1411 1
124 22 1
125 947 1
126 750 1
127 1386 1
128 1957 1
129 97 1
130 1837 1
131 474 1
132 94 1
133 1520 1
134 1404 1
135 1680 1
136 487 1
137 256 1
138 189 1
139 746 1
140 13 1
141 1250 1
142 20 1
143 184 1
144 826 1
145 1446 1
146 1302 1
147 1643 1
148 1142 1
149 1178 1
150 1628 1
151 1656 1
152 1124 1
153 268 1
154 959 1
155 465 1
156 118 1
157 1236 1
158 640 1
159 501 1
160 613 1
161 1658 1
162 1148 1
163 1923 1
164 510 1
165 984 1
166 1976 1
167 1292 1
168 693 1
169 111 1
170 248 1
171 766 1
172 681 1
173 1162 1
174 1809 1
175 1131 1
176 389 1
177 1025 1
178 874 1
179 332 1
180 1592 1
181 1130 1
182 1358 1
183 63 1
184 504 1
185 1151 1
186 1344 1
187 1171 1
188 1674 1
189 1194 1
190 1548 1
191 426 1
192 1848 1
193 1554 1
194 1048 1
195 356 1
196 1080 1
197 329 1
198 1094 1
199 711 1
200 760 1
201 1583 1
202 1597 1
203 1545 1
204 649 1
205 861 1
206 1567 1
207 285 1
208 1809 1
209 1898 1
210 585 1
211 432 1
212 1741 1
213 322 1
214 345 1
215 139 1
216 1045 1
217 776 1
218 1031 1
219 1822 1
220 1712 1
221 844 1
222 20 1
223 1758 1
224 1453 1
225 644 1
226 1114 1
227 1254 1
228 275 1
229 257 1
230 755 1
231 1108 1
232 1384 1
233 1067 1
234 1704 1
235 1805 1
236 246 1
237 314 1
238 420 1
239 1793 1
240 620 1
241 254 1
242 1360 1
243 1546 1
244 212 1
245 404 1
246 1846 1
247 521 1
248 1498 1
249 1573 1
250 1960 1
251 938 1
252 611 1
253 1501 1
254 1525 1
255 1110 1
256 32 1
257 512 1
258 946 1
259 426 1
260 336 1
261 1131 1
262 1208 1
263 534 1
264 333 1
265 1087 1
266 262 1
267 427 1
268 542 1
269 1696 1
270 1464 1
271 1731 1
272 795 1
273 763 1
274 1536 1
275 1004 1
276 1623 1
277 1605 1
278 20 1
279 1248 1
280 491 1
281 1629 1
282 1746 1
283 590 1
284 479 1
285 1384 1
286 1914 1
287 1167 1
288 1018 1
289 793 1
290 1726 1
291 329 1
292 140 1
293 1152 1
294 938 1
295 260 1
296 632 1
297 725 1
298 1180 1
299 819 1
300 549 1
301 1694 1
302 591 1
303 760 1
304 1915 1
305 653 1
306 604 1
307 1343 1
308 1919 1
309 724 1
310 1904 1
311 811 1
312 1483 1
313 986 1
314 475 1
315 50 1
316 430 1
317 869 1
318 866 1
319 203 1
320 235 1
321 255 1
322 1386 1
323 950 1
324 245 1
325 421 1
326 1887 1
327 798 1
328 1533 1
329 48 1
330 1429 1
331 96 1
332 1827 1
333 1950 1
334 1789 1
335 736 1
336 368 1
337 54 1
338 1050 1
339 849 1
340 368 1
341 1512 1
342 1126 1
343 1408 1
344 1012 1
345 455 1
346 851 1
347 760 1
348 1775 1
349 368 1
350 299 1
351 29 1
352 1992 1
353 647 1
354 373 1
355 260 1
356 1091 1
357 1891 1
358 893 1
359 626 1
360 1285 1
361 1548 1
362 1744 1
363 84 1
364 1514 1
365 634 1
366 1928 1
367 259 1
368 1592 1
369 1593 1
370 1294 1
371 171 1
372 1224 1
373 434 1
374 325 1
375 1384 1
376 1223 1
377 1931 1
378 696 1
379 1624 1
380 137 1
381 1841 1
382 769 1
383 1394 1
384 723 1
385 297 1
386 1014 1
387 1243 1
388 1373 1
389 186 1
390 361 1
391 602 1
392 683 1
393 1589 1
394 167 1
395 1146 1
396 767 1
397 146 1
398 13 1
399 175 1
400 356 1
401 249 1
402 737 1
403 10 1
404 49 1
405 817 1
406 1318 1
407 1875 1
408 1690 1
409 1221 1
410 798 1
411 1610 1
412 1466 1
413 950 1
414 836 1
415 1833 1
416 1162 1
417 472 1
418 1488 1
419 491 1
420 1566 1
421 1321 1
422 1160 1
423 1078 1
424 410 1
425 864 1
426 1451 1
427 1828 1
428 1615 1
429 1959 1
430 1922 1
431 13 1
432 83 1
433 467 1
434 1901 1
435 871 1
436 1705 1
437 370 1
438 1978 1
439 636 1
440 1534 1
441 376 1
442 1110 1
443 688 1
444 983 1
445 829 1
446 417 1
447 952 1
448 53 1
449 1497 1
450 1397 1
451 1365 1
452 1627 1
453 293 1
454 742 1
455 710 1
456 1166 1
457 852 1
458 1315 1
459 1318 1
460 1225 1
461 1585 1
462 1610 1
463 376 1
464 203 1
465 1526 1
466 679 1
467 1895 1
468 1005 1
469 1105 1
470 846 1
471 79 1
472 814 1
473 534 1
474 309 1
475 74 1
476 22 1
477 507 1
478 1104 1
479 168 1
480 411 1
481 1625 1
482 1934 1
483 738 1
484 1852 1
485 1557 1
486 1495 1
487 1955 1
488 1592 1
489 1296 1
490 541 1
491 1738 1
492 590 1
493 687 1
494 1802 1
495 273 1
496 557 1
497 172 1
498 1681 1
499 1748 1
500 1031 1
501 623 1
502 471 1
503 496 1
504 225 1
505 268 1
506 1697 1
507 804 1
508 1802 1
509 945 1
510 466 1
511 1886 1
512 1310 1
513 1671 1
514 1661 1
515 301 1
516 1902 1
517 1389 1
518 315 1
519 276 1
520 974 1
521 1673 1
522 1934 1
523 1245 1
524 620 1
525 1305 1
526 1155 1
527 397 1
528 1832 1
529 1499 1
530 1688 1
531 594 1
532 115 1
533 1791 1
534 469 1
535 1475 1
536 68 1
537 442 1
538 457 1
539 1624 1
540 1100 1
541 1719 1
542 1326 1
543 1128 1
544 216 1
545 407 1
546 882 1
547 1433 1
548 990 1
549 1125 1
550 409 1
551 31 1
552 1746 1
553 1685 1
554 1130 1
555 959 1
556 657 1
557 1237 1
558 893 1
559 1351 1
560 1038 1
561 1098 1
562 194 1
563 130 1
564 487 1
565 1805 1
566 1318 1
567 526 1
568 1524 1
569 578 1
570 1261 1
571 1198 1
572 849 1
573 1329 1
574 1015 1
575 603 1
576 856 1
577 1701 1
578 1623 1
579 659 1
580 233 1
581 289 1
582 327 1
583 63 1
584 771 1
585 1751 1
586 249 1
587 708 1
588 394 1
589 1533 1
590 1931 1
591 1812 1
592 1021 1
593 1455 1
594 69 1
595 692 1
596 1580 1
597 1630 1
598 1873 1
599 1882 1
600 1207 1
601 1728 1
602 1231 1
603 1644 1
604 638 1
605 146 1
606 1600 1
607 224 1
608 1634 1
609 432 1
610 205 1
611 657 1
612 171 1
613 600 1
614 1211 1
615 1985 1
616 422 1
617 509 1
618 1413 1
619 596 1
620 220 1
621 1135 1
622 1462 1
623 1653 1
624 1023 1
625 1614 1
626 1305 1
627 436 1
628 1004 1
629 823 1
630 1608 1
631 516 1
632 12 1
633 852 1
634 1247 1
635 383 1
636 139 1
637 983 1
638 90 1
639 67 1
640 1572 1
641 148 1
642 1428 1
643 1855 1
644 444 1
645 1867 1
646 1281 1
647 161 1
648 444 1
649 327 1
650 1100 1
651 1388 1
652 970 1
653 1643 1
654 31 1
655 995 1
656 1269 1
657 1092 1
658 878 1
659 1583 1
660 188 1
661 743 1
662 588 1
663 333 1
664 1245 1
665 1712 1
666 611 1
667 1310 1
668 438 1
669 312 1
670 1623 1
671 1785 1
672 805 1
673 1487 1
674 1353 1
675 1582 1
676 640 1
677 756 1
678 544 1
679 377 1
680 1611 1
681 1814 1
682 362 1
683 718 1
684 90 1
685 1216 1
686 78 1
687 215 1
688 604 1
689 1054 1
690 1701 1
691 738 1
692 1678 1
693 1141 1
694 166 1
695 1578 1
696 1052 1
697 1261 1
698 62 1
699 289 1
700 284 1
701 1099 1
702 620 1
703 1454 1
704 603 1
705 360 1
706 1683 1
707 1803 1
708 1299 1
709 1453 1
710 725 1
711 214 1
712 165 1
713 355 1
714 1886 1
715 116 1
716 1221 1
717 608 1
718 963 1
719 1899 1
720 163 1
721 1751 1
722 1683 1
723 283 1
724 1101 1
725 1131 1
726 1403 1
727 420 1
728 130 1
729 552 1
730 140 1
731 1963 1
732 254 1
733 283 1
734 925 1
735 875 1
736 1940 1
737 888 1
738 748 1
739 412 1
740 92 1
741 1201 1
742 1432 1
743 113 1
744 52 1
745 1633 1
746 917 1
747 1857 1
748 192 1
749 331 1
750 1463 1
751 1732 1
752 83 1
753 1203 1
754 1895 1
755 1829 1
756 799 1
757 1550 1
758 222 1
759 1745 1
760 1726 1
761 1146 1
762 1904 1
763 890 1
764 1829 1
765 1886 1
766 1916 1
767 315 1
768 1600 1
769 91 1
770 91 1
771 1106 1
772 152 1
773 1723 1
774 1543 1
775 135 1
776 1942 1
777 1177 1
778 1016 1
779 627 1
780 429 1
781 1958 1
782 751 1
783 1344 1
784 251 1
785 156 1
786 823 1
787 751 1
788 120 1
789 1692 1
790 281 1
791 139 1
792 931 1
793 36 1
794 999 1
795 1991 1
796 384 1
797 749 1
798 1595 1
799 1695 1
800 818 1
801 1348 1
802 1659 1
803 821 1
804 1577 1
805 1527 1
806 819 1
807 1419 1
808 40 1
809 909 1
810 1689 1
811 1013 1
812 780 1
813 552 1
814 846 1
815 93 1
816 95 1
817 284 1
818 1740 1
819 783 1
820 1376 1
821 1434 1
822 576 1
823 64 1
824 259 1
825 70 1
826 78 1
827 1329 1
828 1094 1
829 1908 1
830 1651 1
831 1228 1
832 1467 1
833 1603 1
834 587 1
835 1744 1
836 1098 1
837 93 1
838 747 1
839 1329 1
840 1683 1
841 1697 1
842 852 1
843 1810 1
844 749 1
845 1233 1
846 1541 1
847 799 1
848 410 1
849 652 1
850 166 1
851 1694 1
852 467 1
853 1739 1
854 775 1
855 236 1
856 516 1
857 888 1
858 573 1
859 200 1
860 753 1
861 600 1
862 1507 1
863 494 1
864 779 1
865 1334 1
866 594 1
867 892 1
868 900 1
869 946 1
870 1608 1
871 1308 1
872 730 1
873 923 1
874 1156 1
875 152 1
876 151 1
877 875 1
878 814 1
879 417 1
880 226 1
881 1442 1
882 437 1
883 1022 1
884 1163 1
885 541 1
886 1266 1
887 1191 1
888 1958 1
889 1366 1
890 820 1
891 1547 1
892 508 1
893 1904 1
894 336 1
895 964 1
896 1606 1
897 283 1
898 972 1
899 263 1
900 1623 1
901 608 1
902 768 1
903 414 1
904 1743 1
905 53 1
906 1161 1
907 461 1
908 172 1
909 1939 1
910 1703 1
911 663 1
912 1714 1
913 1933 1
914 372 1
915 890 1
916 59 1
917 1018 1
918 947 1
919 1053 1
920 737 1
921 563 1
922 1530 1
923 1695 1
924 505 1
925 1011 1
926 54 1
927 974 1
928 1220 1
929 1932 1
930 182 1
931 557 1
932 516 1
933 435 1
934 1204 1
935 1558 1
936 1947 1
937 1216 1
938 360 1
939 1215 1
940 854 1
941 1431 1
942 670 1
943 1579 1
944 131 1
945 1736 1
946 1044 1
947 882 1
948 1183 1
949 1244 1
950 1731 1
951 490 1
952 1638 1
953 186 1
954 1620 1
955 408 1
956 1450 1
957 1128 1
958 299 1
959 138 1
960 1656 1
961 1754 1
962 1048 1
963 1467 1
964 1757 1
965 339 1
966 1246 1
967 1440 1
968 1990 1
969 1793 1
970 1058 1
971 537 1
972 1986 1
973 3 1
974 435 1
975 1049 1
976 1804 1
977 290 1
978 651 1
979 1997 1
980 1281 1
981 226 1
982 782 1
983 1873 1
984 106 1
985 1547 1
986 1389 1
987 258 1
988 87 1
989 18 1
990 371 1
991 205 1
992 586 1
993 204 1
994 556 1
995 1538 1
996 1938 1
997 1383 1
998 556 1
999 1174 1
1000 488 1
1001 10 1
1002 102 1
1003 1609 1
1004 410 1
1005 182 1
1006 285 1
1007 1252 1
1008 1153 1
1009 1618 1
1010 1488 1
1011 671 1
1012 754 1
1013 1317 1
1014 1478 1
1015 1626 1
1016 558 1
1017 48 1
1018 46 1
1019 328 1
1020 1585 1
1021 170 1
1022 1165 1
1023 1371 1
1024 1741 1
1025 1484 1
1026 1252 1
1027 603 1
1028 1717 1
1029 273 1
1030 1322 1
1031 612 1
1032 1356 1
1033 546 1
1034 1457 1
1035 902 1
1036 743 1
1037 729 1
1038 866 1
1039 1071 1
1040 1756 1
1041 1337 1
1042 1023 1
1043 1869 1
1044 1265 1
1045 27 1
1046 101 1
1047 768 1
1048 1986 1
1049 155 1
1050 593 1
1051 1221 1
1052 1841 1
1053 1601 1
1054 68 1
1055 1025 1
1056 1866 1
1057 1052 1
1058 1242 1
1059 1782 1
1060 630 1
1061 724 1
1062 1694 1
1063 1364 1
1064 934 1
1065 1137 1
1066 642 1
1067 221 1
1068 515 1
1069 135 1
1070 447 1
1071 1435 1
1072 445 1
1073 925 1
1074 72 1
1075 244 1
1076 1013 1
1077 1197 1
1078 1250 1
1079 661 1
1080 1850 1
1081 1890 1
1082 1060 1
1083 400 1
1084 700 1
1085 294 1
1086 1836 1
1087 1947 1
1088 1215 1
1089 899 1
1090 1793 1
1091 56 1
1092 67 1
1093 708 1
1094 428 1
1095 1509 1
1096 1896 1
1097 1201 1
1098 13 1
1099 1585 1
1100 717 1
1101 250 1
1102 1661 1
1103 620 1
1104 1452 1
1105 253 1
1106 1077 1
1107 372 1
1108 662 1
1109 572 1
1110 984 1
1111 940 1
1112 1262 1
1113 1829 1
1114 1083 1
1115 844 1
1116 1086 1
1117 1264 1
1118 454 1
1119 953 1
1120 588 1
1121 1578 1
1122 1539 1
1123 408 1
1124 1414 1
1125 590 1
1126 1774 1
1127 1009 1
1128 953 1
1129 1459 1
1130 1897 1
1131 1912 1
1132 764 1
1133 1041 1
1134 1722 1
1135 485 1
1136 1585 1
1137 1363 1
1138 1486 1
1139 1056 1
1140 945 1
1141 1751 1
1142 690 1
1143 651 1
1144 451 1
1145 1610 1
1146 848 1
1147 23 1
1148 1048 1
1149 1262 1
1150 964 1
1151 974 1
1152 1904 1
1153 1994 1
1154 283 1
1155 535 1
1156 361 1
1157 1142 1
1158 1579 1
1159 806 1
1160 1343 1
1161 1574 1
1162 577 1
1163 531 1
1164 872 1
1165 1486 1
1166 1123 1
1167 655 1
1168 1448 1
1169 517 1
1170 1234 1
1171 696 1
1172 920 1
1173 1515 1
1174 679 1
1175 1572 1
1176 1529 1
1177 941 1
1178 1369 1
1179 195 1
1180 1715 1
1181 111 1
1182 271 1
1183 1596 1
1184 1312 1
1185 1949 1
1186 1407 1
1187 1136 1
1188 367 1
1189 445 1
1190 1619 1
1191 632 1
1192 1108 1
1193 792 1
1194 134 1
1195 520 1
1196 853 1
1197 1602 1
1198 1802 1
1199 1654 1
1200 1699 1
1201 1493 1
1202 1320 1
1203 735 1
1204 1904 1
1205 547 1
1206 507 1
1207 740 1
1208 1535 1
1209 125 1
1210 1136 1
1211 1027 1
1212 179 1
1213 1669 1
1214 1933 1
1215 1036 1
1216 1849 1
1217 446 1
1218 1877 1
1219 762 1
1220 297 1
1221 668 1
1222 1163 1
1223 494 1
1224 165 1
1225 589 1
1226 1135 1
1227 850 1
1228 319 1
1229 599 1
1230 1797 1
1231 1980 1
1232 1344 1
1233 1145 1
1234 501 1
1235 172 1
1236 58 1
1237 529 1
1238 1022 1
1239 1169 1
1240 774 1
1241 1087 1
1242 101 1
1243 1525 1
1244 273 1
1245 1432 1
1246 1918 1
1247 560 1
1248 624 1
1249 752 1
1250 853 1
1251 238 1
1252 1219 1
1253 1734 1
1254 756 1
1255 872 1
1256 1163 1
1257 332 1
1258 1173 1
1259 365 1
1260 1301 1
1261 178 1
1262 1361 1
1263 122 1
1264 1077 1
1265 218 1
1266 1067 1
1267 143 1
1268 643 1
1269 621 1
1270 1142 1
1271 1759 1
1272 1445 1
1273 1912 1
1274 19 1
1275 300 1
1276 282 1
1277 1768 1
1278 340 1
1279 358 1
1280 1554 1
1281 1220 1
1282 1902 1
1283 1663 1
1284 1366 1
1285 867 1
1286 1234 1
1287 599 1
1288 1125 1
1289 945 1
1290 262 1
1291 570 1
1292 284 1
1293 1947 1
1294 1573 1
1295 530 1
1296 652 1
1297 424 1
1298 736 1
1299 1582 1
1300 941 1
1301 327 1
1302 353 1
1303 1409 1
1304 1555 1
1305 1889 1
1306 144 1
1307 1142 1
1308 552 1
1309 1779 1
1310 180 1
1311 1852 1
1312 630 1
1313 862 1
1314 1811 1
1315 969 1
1316 260 1
1317 1022 1
1318 961 1
1319 1449 1
1320 889 1
1321 1578 1
1322 80 1
1323 248 1
1324 657 1
1325 1988 1
1326 407 1
1327 526 1
1328 1296 1
1329 770 1
1330 1638 1
1331 940 1
1332 835 1
1333 1741 1
1334 1937 1
1335 317 1
1336 1124 1
1337 61 1
1338 1274 1
1339 918 1
1340 23 1
1341 804 1
1342 1969 1
1343 1459 1
1344 727 1
1345 687 1
1346 997 1
1347 1058 1
1348 1005 1
1349 1198 1
1350 300 1
1351 407 1
1352 1331 1
1353 295 1
1354 65 1
1355 891 1
1356 569 1
1357 1538 1
1358 1292 1
1359 1156 1
1360 165 1
1361 151 1
1362 1407 1
1363 981 1
1364 57 1
1365 177 1
1366 1929 1
1367 1483 1
1368 1682 1
1369 290 1
1370 1148 1
1371 793 1
1372 675 1
1373 548 1
1374 1460 1
1375 794 1
1376 951 1
1377 1797 1
1378 529 1
1379 508 1
1380 1735 1
1381 1635 1
1382 300 1
1383 642 1
1384 1375 1
1385 1755 1
1386 1364 1
1387 1956 1
1388 1215 1
1389 819 1
1390 1138 1
1391 998 1
1392 1834 1
1393 1195 1
1394 1371 1
1395 1649 1
1396 1100 1
1397 181 1
1398 796 1
1399 1400 1
1400 48 1
1401 1821 1
1402 192 1
1403 1768 1
1404 881 1
1405 844 1
1406 1271 1
1407 315 1
1408 1525 1
1409 1232 1
1410 742 1
1411 848 1
1412 1241 1
1413 893 1
1414 618 1
1415 179 1
1416 799 1
1417 916 1
1418 1631 1
1419 936 1
1420 515 1
1421 988 1
1422 846 1
1423 1903 1
1424 1828 1
1425 368 1
1426 848 1
1427 3 1
1428 792 1
1429 1923 1
1430 844 1
1431 945 1
1432 1403 1
1433 358 1
1434 622 1
1435 1538 1
1436 685 1
1437 56 1
1438 1503 1
1439 1427 1
1440 1216 1
1441 584 1
1442 457 1
1443 1402 1
1444 1745 1
1445 1810 1
1446 1665 1
1447 1254 1
1448 827 1
1449 1737 1
1450 1679 1
1451 1259 1
1452 1228 1
1453 1230 1
1454 1291 1
1455 1694 1
1456 1193 1
1457 1340 1
1458 539 1
1459 221 1
1460 1533 1
1461 980 1
1462 354 1
1463 1465 1
1464 654 1
1465 651 1
1466 1893 1
1467 1676 1
1468 1986 1
1469 1103 1
1470 343 1
1471 13 1
1472 299 1
1473 364 1
1474 1800 1
1475 707 1
1476 1850 1
1477 1350 1
1478 1980 1
1479 1378 1
1480 1507 1
1481 1887 1
1482 978 1
1483 1000 1
1484 464 1
1485 1975 1
1486 1782 1
1487 798 1
1488 1105 1
1489 599 1
1490 23 1
1491 681 1
1492 1203 1
1493 495 1
1494 1441 1
1495 1055 1
1496 1080 1
1497 1583 1
1498 1505 1
1499 129 1
1500 635 1
1501 126 1
1502 1629 1
1503 424 1
1504 59 1
1505 1120 1
1506 1627 1
1507 1499 1
1508 650 1
1509 1328 1
1510 1823 1
1511 1085 1
1512 882 1
1513 473 1
1514 1015 1
1515 1417 1
1516 1619 1
1517 1255 1
1518 1 1
1519 1833 1
1520 518 1
1521 339 1
1522 360 1
1523 1100 1
1524 724 1
1525 719 1
1526 643 1
1527 37 1
1528 1276 1
1529 771 1
1530 152 1
1531 37 1
1532 1457 1
1533 779 1
1534 407 1
1535 910 1
1536 1836 1
1537 329 1
1538 545 1
1539 270 1
1540 1 1
1541 1022 1
1542 8 1
1543 1384 1
1544 949 1
1545 1760 1
1546 1495 1
1547 307 1
1548 1722 1
1549 1191 1
1550 410 1
1551 1132 1
1552 1850 1
1553 1586 1
1554 784 1
1555 760 1
1556 297 1
1557 938 1
1558 1233 1
1559 627 1
1560 1377 1
1561 1672 1
1562 237 1
1563 1882 1
1564 1172 1
1565 1164 1
1566 1455 1
1567 1494 1
1568 608 1
1569 30 1
1570 540 1
1571 393 1
1572 1966 1
1573 664 1
1574 950 1
1575 1901 1
1576 1409 1
1577 1911 1
1578 400 1
1579 1181 1
1580 1194 1
1581 1611 1
1582 150 1
1583 1223 1
1584 1712 1
1585 600 1
1586 509 1
1587 786 1
1588 1289 1
1589 781 1
1590 259 1
1591 1804 1
1592 1576 1
1593 202 1
1594 721 1
1595 1938 1
1596 243 1
1597 382 1
1598 1788 1
1599 1294 1
1600 107 1
1601 224 1
1602 201 1
1603 1823 1
1604 409 1
1605 815 1
1606 945 1
1607 719 1
1608 199 1
1609 1732 1
1610 897 1
1611 1259 1
1612 1024 1
1613 1802 1
1614 1400 1
1615 1242 1
1616 1674 1
1617 1523 1
1618 630 1
1619 1511 1
1620 803 1
1621 1917 1
1622 1313 1
1623 372 1
1624 1933 1
1625 1854 1
1626 1336 1
1627 61 1
1628 628 1
1629 1738 1
1630 133 1
1631 291 1
1632 484 1
1633 1032 1
1634 550 1
1635 360 1
1636 1769 1
1637 625 1
1638 675 1
1639 909 1
1640 1821 1
1641 420 1
1642 96 1
1643 1290 1
1644 357 1
1645 1400 1
1646 1225 1
1647 300 1
1648 63 1
1649 290 1
1650 1127 1
1651 1899 1
1652 1892 1
1653 1123 1
1654 24 1
1655 1214 1
1656 471 1
1657 328 1
1658 1149 1
1659 1786 1
1660 456 1
1661 1560 1
1662 391 1
1663 538 1
1664 1506 1
1665 603 1
1666 474 1
1667 1491 1
1668 1984 1
1669 1974 1
1670 941 1
1671 764 1
1672 458 1
1673 1325 1
1674 666 1
1675 187 1
1676 1495 1
1677 1401 1
1678 1891 1
1679 793 1
1680 1816 1
1681 797 1
1682 1969 1
1683 46 1
1684 452 1
1685 1745 1
1686 1275 1
1687 1747 1
1688 555 1
1689 673 1
1690 466 1
1691 1751 1
1692 606 1
1693 663 1
1694 68 1
1695 1823 1
1696 294 1
1697 1794 1
1698 752 1
1699 1797 1
1700 592 1
1701 495 1
1702 621 1
1703 722 1
1704 877 1
1705 715 1
1706 295 1
1707 1482 1
1708 1319 1
1709 317 1
1710 665 1
1711 658 1
1712 1354 1
1713 324 1
1714 1327 1
1715 1747 1
1716 1771 1
1717 540 1
1718 1156 1
1719 1568 1
1720 571 1
1721 1931 1
1722 1106 1
1723 1437 1
1724 212 1
1725 1436 1
1726 683 1
1727 763 1
1728 599 1
1729 592 1
1730 1690 1
1731 931 1
1732 983 1
1733 481 1
1734 1853 1
1735 1984 1
1736 120 1
1737 552 1
1738 4 1
1739 606 1
1740 113 1
1741 460 1
1742 89 1
1743 1567 1
1744 1512 1
1745 1222 1
1746 1876 1
1747 133 1
1748 1747 1
1749 896 1
1750 629 1
1751 297 1
1752 888 1
1753 291 1
1754 9 1
1755 234 1
1756 69 1
1757 1573 1
1758 1156 1
1759 361 1
1760 622 1
1761 1303 1
1762 1359 1
1763 1167 1
1764 1828 1
1765 677 1
1766 1448 1
1767 1833 1
1768 990 1
1769 278 1
1770 316 1
1771 1986 1
1772 815 1
1773 1355 1
1774 1723 1
1775 83 1
1776 1490 1
1777 1849 1
1778 210 1
1779 1384 1
1780 1764 1
1781 1438 1
1782 1934 1
1783 617 1
1784 1107 1
1785 1751 1
1786 1207 1
1787 820 1
1788 968 1
1789 1430 1
1790 1168 1
1791 992 1
1792 364 1
1793 1498 1
1794 1427 1
1795 1518 1
1796 660 1
1797 1947 1
1798 1527 1
1799 644 1
1800 321 1
1801 598 1
1802 274 1
1803 963 1
1804 1673 1
1805 1292 1
1806 377 1
1807 740 1
1808 862 1
1809 1773 1
1810 353 1
1811 1507 1
1812 240 1
1813 1020 1
1814 713 1
1815 1504 1
1816 605 1
1817 1287 1
1818 1140 1
1819 1867 1
1820 1928 1
1821 11 1
1822 1505 1
1823 1846 1
1824 1527 1
1825 1717 1
1826 1598 1
1827 1430 1
1828 629 1
1829 1835 1
1830 387 1
1831 1588 1
1832 1037 1
1833 287 1
1834 307 1
1835 1531 1
1836 1316 1
1837 7 1
1838 1811 1
1839 87 1
1840 611 1
1841 229 1
1842 371 1
1843 1183 1
1844 1833 1
1845 1095 1
1846 863 1
1847 659 1
1848 1363 1
1849 1530 1
1850 330 1
1851 1065 1
1852 1360 1
1853 597 1
1854 367 1
1855 1810 1
1856 939 1
1857 924 1
1858 1650 1
1859 1035 1
1860 1414 1
1861 1001 1
1862 592 1
1863 34 1
1864 1001 1
1865 989 1
1866 1954 1
1867 894 1
1868 1247 1
1869 1499 1
1870 914 1
1871 667 1
1872 204 1
1873 827 1
1874 1089 1
1875 1690 1
1876 1312 1
1877 468 1
1878 1115 1
1879 1131 1
1880 85 1
1881 1951 1
1882 398 1
1883 1463 1
1884 129 1
1885 1000 1
1886 668 1
1887 797 1
1888 536 1
1889 732 1
1890 82 1
1891 989 1
1892 1306 1
1893 539 1
1894 1290 1
1895 1649 1
1896 1658 1
1897 1037 1
1898 1435 1
1899 1846 1
1900 739 1
1901 1974 1
1902 1360 1
1903 1942 1
1904 1715 1
1905 1534 1
1906 1907 1
1907 892 1
1908 1093 1
1909 1434 1
1910 341 1
1911 1134 1
1912 608 1
1913 1557 1
1914 1442 1
1915 133 1
1916 1541 1
1917 1452 1
1918 1297 1
1919 522 1
1920 864 1
1921 1375 1
1922 348 1
1923 865 1
1924 1445 1
1925 1185 1
1926 1756 1
1927 186 1
1928 1457 1
1929 1268 1
1930 78 1
1931 1971 1
1932 1152 1
1933 1931 1
1934 1739 1
1935 1167 1
1936 1976 1
1937 896 1
1938 720 1
1939 301 1
1940 1440 1
1941 301 1
1942 585 1
1943 67 1
1944 1596 1
1945 88 1
1946 759 1
1947 159 1
1948 1241 1
1949 1128 1
1950 1370 1
1951 1719 1
1952 1137 1
1953 443 1
1954 1707 1
1955 1128 1
1956 1231 1
1957 1403 1
1958 1166 1
1959 1974 1
1960 1072 1
1961 1862 1
1962 589 1
1963 662 1
1964 662 1
1965 1369 1
1966 1169 1
1967 1208 1
1968 1776 1
1969 1528 1
1970 933 1
1971 205 1
1972 331 1
1973 1287 1
1974 824 1
1975 1719 1
1976 529 1
1977 727 1
1978 1920 1
1979 937 1
1980 19 1
1981 301 1
1982 449 1
1983 811 1
1984 823 1
1985 1374 1
1986 1666 1
1987 1675 1
1988 1896 1
1989 1349 1
1990 1590 1
1991 98 1
1992 1403 1
1993 1169 1
1994 187 1
1995 958 1
1996 407 1
1997 1139 1
1998 1376 1
1999 304 1
