1000 Sparse V=1000 E=1000
0 63 1
1 2 1
2 264 1
3 933 1
4 872 1
5 278 1
6 770 1
7 186 1
8 548 1
9 508 1
10 644 1
11 986 1
12 7 1
13 274 1
14 182 1
15 36 1
16 801 1
17 633 1
18 316 1
19 797 1
20 163 1
21 868 1
22 65 1
23 51 1
24 563 1
25 290 1
26 832 1
27 264 1
28 599 1
29 906 1
30 370 1
31 683 1
32 170 1
33 509 1
34 729 1
35 388 1
36 173 1
37 94 1
38 783 1
39 193 1
40 864 1
41 841 1
42 373 1
43 270 1
44 859 1
45 126 1
46 916 1
47 99 1
48 210 1
49 875 1
50 521 1
51 274 1
52 420 1
53 602 1
54 605 1
55 361 1
56 699 1
57 823 1
58 363 1
59 296 1
60 477 1
61 470 1
62 785 1
63 337 1
64 647 1
65 880 1
66 493 1
67 815 1
68 304 1
69 980 1
70 258 1
71 424 1
72 918 1
73 80 1
74 540 1
75 591 1
76 675 1
77 175 1
78 689 1
79 152 1
80 849 1
81 664 1
82 178 1
83 728 1
84 33 1
85 747 1
86 321 1
87 443 1
88 963 1
89 544 1
90 833 1
91 32 1
92 21 1
93 683 1
94 238 1
95 666 1
96 740 1
97 344 1
98 702 1
99 533 1
100 178 1
101 514 1
102 488 1
103 121 1
104 739 1
105 584 1
106 631 1
107 303 1
108 221 1
109 123 1
110 2 1
111 572 1
112 832 1
113 53 1
114 978 1
115 700 1
116 848 1
117 10 1
118 49 1
119 509 1
120 177 1
121 83 1
122 842 1
123 523 1
124 490 1
125 636 1
126 915 1
127 873 1
128 824 1
129 436 1
130 959 1
131 564 1
132 722 1
133 972 1
134 607 1
135 94 1
136 528 1
137 778 1
138 80 1
139 526 1
140 365 1
141 637 1
142 631 1
143 416 1
144 423 1
145 275 1
146 913 1
147 313 1
148 423 1
149 117 1
150 316 1
151 654 1
152 699 1
153 644 1
154 562 1
155 214 1
156 81 1
157 352 1
158 756 1
159 722 1
160 328 1
161 147 1
162 900 1
163 645 1
164 982 1
165 648 1
166 131 1
167 499 1
168 174 1
169 360 1
170 552 1
171 693 1
172 858 1
173 240 1
174 84 1
175 862 1
176 541 1
177 267 1
178 944 1
179 864 1
180 368 1
181 51 1
182 876 1
183 992 1
184 324 1
185 143 1
186 423 1
187 126 1
188 737 1
189 144 1
190 228 1
191 398 1
192 440 1
193 951 1
194 573 1
195 534 1
196 325 1
197 122 1
198 114 1
199 458 1
200 161 1
201 489 1
202 674 1
203 493 1
204 803 1
205 261 1
206 307 1
207 620 1
208 284 1
209 322 1
210 714 1
211 958 1
212 17 1
213 471 1
214 111 1
215 887 1
216 826 1
217 594 1
218 491 1
219 701 1
220 920 1
221 291 1
222 572 1
223 599 1
224 76 1
225 211 1
226 119 1
227 93 1
228 201 1
229 966 1
230 414 1
231 29 1
232 374 1
233 499 1
234 673 1
235 739 1
236 346 1
237 357 1
238 113 1
239 815 1
240 968 1
241 373 1
242 817 1
243 677 1
244 928 1
245 832 1
246 789 1
247 789 1
248 647 1
249 252 1
250 9 1
251 808 1
252 832 1
253 533 1
254 54 1
255 339 1
256 619 1
257 463 1
258 253 1
259 665 1
260 7 1
261 396 1
262 577 1
263 28 1
264 294 1
265 600 1
266 448 1
267 636 1
268 67 1
269 102 1
270 864 1
271 852 1
272 195 1
273 405 1
274 118 1
275 278 1
276 720 1
277 685 1
278 693 1
279 162 1
280 230 1
281 16 1
282 622 1
283 402 1
284 600 1
285 871 1
286 695 1
287 984 1
288 932 1
289 81 1
290 42 1
291 225 1
292 524 1
293 357 1
294 831 1
295 188 1
296 94 1
297 92 1
298 574 1
299 965 1
300 576 1
301 141 1
302 880 1
303 739 1
304 432 1
305 495 1
306 622 1
307 934 1
308 736 1
309 684 1
310 609 1
311 8 1
312 498 1
313 573 1
314 770 1
315 352 1
316 920 1
317 199 1
318 990 1
319 3 1
320 133 1
321 820 1
322 492 1
323 829 1
324 432 1
325 561 1
326 695 1
327 180 1
328 125 1
329 581 1
330 716 1
331 673 1
332 822 1
333 405 1
334 94 1
335 395 1
336 611 1
337 986 1
338 391 1
339 5 1
340 45 1
341 769 1
342 177 1
343 493 1
344 973 1
345 807 1
346 769 1
347 925 1
348 646 1
349 241 1
350 117 1
351 951 1
352 649 1
353 735 1
354 429 1
355 835 1
356 417 1
357 953 1
358 697 1
359 966 1
360 296 1
361 700 1
362 983 1
363 373 1
364 606 1
365 904 1
366 441 1
367 423 1
368 252 1
369 278 1
370 20 1
371 346 1
372 271 1
373 50 1
374 110 1
375 174 1
376 44 1
377 957 1
378 52 1
379 431 1
380 852 1
381 308 1
382 137 1
383 161 1
384 27 1
385 986 1
386 180 1
387 421 1
388 355 1
389 130 1
390 712 1
391 14 1
392 853 1
393 828 1
394 702 1
395 262 1
396 799 1
397 575 1
398 487 1
399 862 1
400 604 1
401 762 1
402 153 1
403 149 1
404 752 1
405 880 1
406 270 1
407 309 1
408 879 1
409 31 1
410 100 1
411 523 1
412 838 1
413 373 1
414 674 1
415 673 1
416 30 1
417 13 1
418 563 1
419 882 1
420 73 1
421 196 1
422 410 1
423 850 1
424 47 1
425 321 1
426 118 1
427 940 1
428 771 1
429 703 1
430 796 1
431 405 1
432 374 1
433 562 1
434 823 1
435 542 1
436 616 1
437 108 1
438 785 1
439 480 1
440 972 1
441 539 1
442 671 1
443 601 1
444 961 1
445 592 1
446 873 1
447 488 1
448 599 1
449 668 1
450 210 1
451 203 1
452 557 1
453 314 1
454 464 1
455 202 1
456 742 1
457 519 1
458 639 1
459 526 1
460 406 1
461 533 1
462 594 1
463 57 1
464 279 1
465 262 1
466 404 1
467 732 1
468 580 1
469 974 1
470 126 1
471 380 1
472 76 1
473 918 1
474 276 1
475 259 1
476 352 1
477 158 1
478 369 1
479 428 1
480 300 1
481 942 1
482 464 1
483 608 1
484 163 1
485 977 1
486 59 1
487 674 1
488 597 1
489 290 1
490 372 1
491 39 1
492 691 1
493 813 1
494 487 1
495 833 1
496 189 1
497 193 1
498 6 1
499 609 1
500 698 1
501 784 1
502 108 1
503 493 1
504 172 1
505 662 1
506 966 1
507 933 1
508 607 1
509 186 1
510 570 1
511 969 1
512 772 1
513 83 1
514 426 1
515 896 1
516 685 1
517 771 1
518 656 1
519 204 1
520 74 1
521 388 1
522 482 1
523 309 1
524 563 1
525 275 1
526 296 1
527 91 1
528 801 1
529 941 1
530 802 1
531 148 1
532 346 1
533 549 1
534 471 1
535 600 1
536 46 1
537 699 1
538 533 1
539 586 1
540 909 1
541 684 1
542 511 1
543 489 1
544 455 1
545 219 1
546 34 1
547 514 1
548 137 1
549 783 1
550 32 1
551 170 1
552 282 1
553 749 1
554 105 1
555 614 1
556 722 1
557 408 1
558 499 1
559 511 1
560 875 1
561 10 1
562 46 1
563 336 1
564 872 1
565 275 1
566 224 1
567 983 1
568 625 1
569 265 1
570 43 1
571 321 1
572 713 1
573 473 1
574 381 1
575 561 1
576 154 1
577 902 1
578 112 1
579 923 1
580 440 1
581 336 1
582 523 1
583 227 1
584 505 1
585 113 1
586 46 1
587 468 1
588 304 1
589 107 1
590 929 1
591 756 1
592 429 1
593 157 1
594 624 1
595 823 1
596 325 1
597 717 1
598 55 1
599 704 1
600 415 1
601 380 1
602 600 1
603 634 1
604 222 1
605 306 1
606 282 1
607 155 1
608 990 1
609 396 1
610 871 1
611 359 1
612 425 1
613 611 1
614 159 1
615 846 1
616 947 1
617 784 1
618 556 1
619 798 1
620 204 1
621 969 1
622 322 1
623 747 1
624 573 1
625 262 1
626 642 1
627 411 1
628 861 1
629 504 1
630 329 1
631 27 1
632 687 1
633 511 1
634 272 1
635 123 1
636 673 1
637 970 1
638 713 1
639 616 1
640 232 1
641 764 1
642 713 1
643 670 1
644 779 1
645 890 1
646 661 1
647 249 1
648 489 1
649 805 1
650 534 1
651 813 1
652 460 1
653 830 1
654 856 1
655 961 1
656 468 1
657 257 1
658 554 1
659 873 1
660 348 1
661 121 1
662 195 1
663 484 1
664 925 1
665 893 1
666 678 1
667 153 1
668 945 1
669 877 1
670 271 1
671 904 1
672 507 1
673 264 1
674 800 1
675 740 1
676 433 1
677 911 1
678 771 1
679 232 1
680 946 1
681 71 1
682 622 1
683 199 1
684 35 1
685 148 1
686 247 1
687 908 1
688 607 1
689 318 1
690 604 1
691 665 1
692 262 1
693 280 1
694 91 1
695 24 1
696 46 1
697 731 1
698 989 1
699 977 1
700 645 1
701 80 1
702 614 1
703 889 1
704 537 1
705 926 1
706 991 1
707 887 1
708 835 1
709 442 1
710 391 1
711 333 1
712 856 1
713 725 1
714 377 1
715 661 1
716 952 1
717 231 1
718 660 1
719 46 1
720 839 1
721 91 1
722 602 1
723 184 1
724 35 1
725 488 1
726 199 1
727 738 1
728 951 1
729 50 1
730 868 1
731 507 1
732 165 1
733 437 1
734 252 1
735 370 1
736 101 1
737 161 1
738 475 1
739 985 1
740 325 1
741 371 1
742 233 1
743 628 1
744 273 1
745 431 1
746 559 1
747 777 1
748 220 1
749 1 1
750 821 1
751 729 1
752 620 1
753 959 1
754 285 1
755 950 1
756 543 1
757 394 1
758 499 1
759 889 1
760 410 1
761 520 1
762 542 1
763 626 1
764 657 1
765 184 1
766 293 1
767 207 1
768 641 1
769 790 1
770 36 1
771 621 1
772 243 1
773 375 1
774 692 1
775 542 1
776 160 1
777 849 1
778 398 1
779 819 1
780 239 1
781 639 1
782 288 1
783 982 1
784 890 1
785 200 1
786 634 1
787 51 1
788 319 1
789 733 1
790 667 1
791 829 1
792 84 1
793 524 1
794 774 1
795 647 1
796 218 1
797 305 1
798 500 1
799 644 1
800 608 1
801 29 1
802 64 1
803 896 1
804 453 1
805 123 1
806 531 1
807 796 1
808 887 1
809 348 1
810 422 1
811 618 1
812 393 1
813 502 1
814 449 1
815 104 1
816 543 1
817 589 1
818 179 1
819 678 1
820 127 1
821 494 1
822 152 1
823 646 1
824 698 1
825 325 1
826 289 1
827 794 1
828 347 1
829 239 1
830 15 1
831 524 1
832 608 1
833 33 1
834 325 1
835 208 1
836 248 1
837 711 1
838 142 1
839 398 1
840 592 1
841 716 1
842 552 1
843 847 1
844 517 1
845 989 1
846 442 1
847 905 1
848 160 1
849 225 1
850 302 1
851 377 1
852 629 1
853 104 1
854 610 1
855 642 1
856 928 1
857 116 1
858 683 1
859 204 1
860 977 1
861 425 1
862 726 1
863 268 1
864 105 1
865 684 1
866 380 1
867 792 1
868 876 1
869 585 1
870 240 1
871 424 1
872 342 1
873 220 1
874 926 1
875 866 1
876 101 1
877 884 1
878 582 1
879 564 1
880 293 1
881 409 1
882 386 1
883 992 1
884 411 1
885 211 1
886 486 1
887 544 1
888 467 1
889 228 1
890 792 1
891 747 1
892 475 1
893 557 1
894 390 1
895 742 1
896 907 1
897 667 1
898 75 1
899 192 1
900 694 1
901 311 1
902 953 1
903 804 1
904 724 1
905 85 1
906 432 1
907 642 1
908 726 1
909 658 1
910 819 1
911 621 1
912 796 1
913 42 1
914 286 1
915 802 1
916 875 1
917 572 1
918 237 1
919 987 1
920 758 1
921 993 1
922 13 1
923 161 1
924 143 1
925 76 1
926 40 1
927 493 1
928 972 1
929 330 1
930 624 1
931 182 1
932 425 1
933 696 1
934 805 1
935 613 1
936 352 1
937 878 1
938 446 1
939 229 1
940 249 1
941 262 1
942 708 1
943 594 1
944 715 1
945 73 1
946 640 1
947 348 1
948 494 1
949 526 1
950 696 1
951 740 1
952 906 1
953 775 1
954 88 1
955 5 1
956 707 1
957 371 1
958 149 1
959 878 1
960 3 1
961 831 1
962 770 1
963 626 1
964 31 1
965 751 1
966 94 1
967 364 1
968 807 1
969 299 1
970 280 1
971 313 1
972 218 1
973 878 1
974 401 1
975 730 1
976 220 1
977 469 1
978 503 1
979 446 1
980 927 1
981 579 1
982 90 1
983 189 1
984 273 1
985 657 1
986 837 1
987 930 1
988 287 1
989 216 1
990 74 1
991 556 1
992 344 1
993 66 1
994 525 1
995 777 1
996 703 1
997 10 1
998 163 1
999 806 1
