<Qucs Dataset 0.0.19>
<indep time 501>
  +0.00000000000000000000e+00
  +2.00000000000000004185e-08
  +4.00000000000000008369e-08
  +6.00000000000000078728e-08
  +8.00000000000000016738e-08
  +9.99999999999999954748e-08
  +1.20000000000000015746e-07
  +1.40000000000000009547e-07
  +1.60000000000000003348e-07
  +1.79999999999999997149e-07
  +1.99999999999999990950e-07
  +2.20000000000000011220e-07
  +2.40000000000000031491e-07
  +2.59999999999999998822e-07
  +2.80000000000000019093e-07
  +2.99999999999999986424e-07
  +3.20000000000000006695e-07
  +3.40000000000000026966e-07
  +3.59999999999999994297e-07
  +3.80000000000000014568e-07
  +3.99999999999999981899e-07
  +4.20000000000000002170e-07
  +4.40000000000000022441e-07
  +4.59999999999999989772e-07
  +4.80000000000000062982e-07
  +4.99999999999999977374e-07
  +5.19999999999999997645e-07
  +5.40000000000000017916e-07
  +5.60000000000000038186e-07
  +5.80000000000000058457e-07
  +5.99999999999999972849e-07
  +6.19999999999999993120e-07
  +6.40000000000000013390e-07
  +6.60000000000000033661e-07
  +6.80000000000000053932e-07
  +6.99999999999999968324e-07
  +7.19999999999999988594e-07
  +7.40000000000000008865e-07
  +7.60000000000000029136e-07
  +7.80000000000000049407e-07
  +7.99999999999999963798e-07
  +8.19999999999999984069e-07
  +8.40000000000000004340e-07
  +8.60000000000000024611e-07
  +8.80000000000000044882e-07
  +9.00000000000000065152e-07
  +9.19999999999999979544e-07
  +9.39999999999999999815e-07
  +9.60000000000000125965e-07
  +9.79999999999999934477e-07
  +9.99999999999999954748e-07
  +1.01999999999999997502e-06
  +1.03999999999999999529e-06
  +1.06000000000000001556e-06
  +1.08000000000000003583e-06
  +1.10000000000000005610e-06
  +1.12000000000000007637e-06
  +1.14000000000000009664e-06
  +1.16000000000000011691e-06
  +1.17999999999999992543e-06
  +1.19999999999999994570e-06
  +1.21999999999999996597e-06
  +1.23999999999999998624e-06
  +1.26000000000000000651e-06
  +1.28000000000000002678e-06
  +1.30000000000000004705e-06
  +1.32000000000000006732e-06
  +1.34000000000000008759e-06
  +1.36000000000000010786e-06
  +1.38000000000000012813e-06
  +1.39999999999999993665e-06
  +1.41999999999999995692e-06
  +1.43999999999999997719e-06
  +1.45999999999999999746e-06
  +1.48000000000000001773e-06
  +1.50000000000000003800e-06
  +1.52000000000000005827e-06
  +1.54000000000000007854e-06
  +1.56000000000000009881e-06
  +1.58000000000000011908e-06
  +1.59999999999999992760e-06
  +1.61999999999999994787e-06
  +1.63999999999999996814e-06
  +1.65999999999999998841e-06
  +1.68000000000000000868e-06
  +1.70000000000000002895e-06
  +1.72000000000000004922e-06
  +1.74000000000000006949e-06
  +1.76000000000000008976e-06
  +1.78000000000000011003e-06
  +1.80000000000000013030e-06
  +1.81999999999999993882e-06
  +1.83999999999999995909e-06
  +1.85999999999999997936e-06
  +1.87999999999999999963e-06
  +1.90000000000000001990e-06
  +1.92000000000000025193e-06
  +1.94000000000000006044e-06
  +1.95999999999999986895e-06
  +1.98000000000000010098e-06
  +1.99999999999999990950e-06
  +2.02000000000000014153e-06
  +2.03999999999999995004e-06
  +2.06000000000000018207e-06
  +2.07999999999999999058e-06
  +2.10000000000000022261e-06
  +2.12000000000000003112e-06
  +2.13999999999999983963e-06
  +2.16000000000000007166e-06
  +2.17999999999999988018e-06
  +2.20000000000000011220e-06
  +2.21999999999999992072e-06
  +2.24000000000000015275e-06
  +2.25999999999999996126e-06
  +2.28000000000000019329e-06
  +2.30000000000000000180e-06
  +2.32000000000000023383e-06
  +2.34000000000000004234e-06
  +2.35999999999999985085e-06
  +2.38000000000000008288e-06
  +2.39999999999999989140e-06
  +2.42000000000000012342e-06
  +2.43999999999999993194e-06
  +2.46000000000000016397e-06
  +2.47999999999999997248e-06
  +2.50000000000000020451e-06
  +2.52000000000000001302e-06
  +2.54000000000000024505e-06
  +2.56000000000000005356e-06
  +2.57999999999999986207e-06
  +2.60000000000000009410e-06
  +2.61999999999999990262e-06
  +2.64000000000000013464e-06
  +2.65999999999999994316e-06
  +2.68000000000000017519e-06
  +2.69999999999999998370e-06
  +2.72000000000000021573e-06
  +2.74000000000000002424e-06
  +2.76000000000000025627e-06
  +2.78000000000000006478e-06
  +2.79999999999999987329e-06
  +2.82000000000000010532e-06
  +2.83999999999999991384e-06
  +2.86000000000000014587e-06
  +2.87999999999999995438e-06
  +2.90000000000000018641e-06
  +2.91999999999999999492e-06
  +2.94000000000000022695e-06
  +2.96000000000000003546e-06
  +2.98000000000000026749e-06
  +3.00000000000000007600e-06
  +3.01999999999999988452e-06
  +3.04000000000000011654e-06
  +3.05999999999999992506e-06
  +3.08000000000000015709e-06
  +3.09999999999999996560e-06
  +3.12000000000000019763e-06
  +3.14000000000000000614e-06
  +3.16000000000000023817e-06
  +3.18000000000000004668e-06
  +3.19999999999999985519e-06
  +3.22000000000000008722e-06
  +3.23999999999999989574e-06
  +3.26000000000000012776e-06
  +3.27999999999999993628e-06
  +3.30000000000000016831e-06
  +3.31999999999999997682e-06
  +3.34000000000000020885e-06
  +3.36000000000000001736e-06
  +3.38000000000000024939e-06
  +3.40000000000000005790e-06
  +3.41999999999999986641e-06
  +3.44000000000000009844e-06
  +3.45999999999999990696e-06
  +3.48000000000000013898e-06
  +3.49999999999999994750e-06
  +3.52000000000000017953e-06
  +3.53999999999999998804e-06
  +3.56000000000000022007e-06
  +3.58000000000000002858e-06
  +3.60000000000000026061e-06
  +3.62000000000000006912e-06
  +3.63999999999999987763e-06
  +3.66000000000000010966e-06
  +3.67999999999999991818e-06
  +3.70000000000000015021e-06
  +3.71999999999999995872e-06
  +3.74000000000000019075e-06
  +3.75999999999999999926e-06
  +3.78000000000000023129e-06
  +3.80000000000000003980e-06
  +3.81999999999999984831e-06
  +3.84000000000000050386e-06
  +3.86000000000000031237e-06
  +3.88000000000000012088e-06
  +3.89999999999999992940e-06
  +3.91999999999999973791e-06
  +3.94000000000000039345e-06
  +3.96000000000000020197e-06
  +3.98000000000000001048e-06
  +3.99999999999999981899e-06
  +4.02000000000000047454e-06
  +4.04000000000000028305e-06
  +4.06000000000000009156e-06
  +4.07999999999999990008e-06
  +4.09999999999999970859e-06
  +4.12000000000000036413e-06
  +4.14000000000000017265e-06
  +4.15999999999999998116e-06
  +4.17999999999999978967e-06
  +4.20000000000000044522e-06
  +4.22000000000000025373e-06
  +4.24000000000000006224e-06
  +4.25999999999999987075e-06
  +4.27999999999999967927e-06
  +4.30000000000000033481e-06
  +4.32000000000000014333e-06
  +4.33999999999999995184e-06
  +4.35999999999999976035e-06
  +4.38000000000000041590e-06
  +4.40000000000000022441e-06
  +4.42000000000000003292e-06
  +4.43999999999999984143e-06
  +4.46000000000000049698e-06
  +4.48000000000000030549e-06
  +4.50000000000000011400e-06
  +4.51999999999999992252e-06
  +4.53999999999999973103e-06
  +4.56000000000000038657e-06
  +4.58000000000000019509e-06
  +4.60000000000000000360e-06
  +4.61999999999999981211e-06
  +4.64000000000000046766e-06
  +4.66000000000000027617e-06
  +4.68000000000000008468e-06
  +4.69999999999999989320e-06
  +4.71999999999999970171e-06
  +4.74000000000000035725e-06
  +4.76000000000000016577e-06
  +4.77999999999999997428e-06
  +4.79999999999999978279e-06
  +4.82000000000000043834e-06
  +4.84000000000000024685e-06
  +4.86000000000000005536e-06
  +4.87999999999999986387e-06
  +4.90000000000000051942e-06
  +4.92000000000000032793e-06
  +4.94000000000000013644e-06
  +4.95999999999999994496e-06
  +4.97999999999999975347e-06
  +5.00000000000000040902e-06
  +5.02000000000000021753e-06
  +5.04000000000000002604e-06
  +5.05999999999999983455e-06
  +5.08000000000000049010e-06
  +5.10000000000000029861e-06
  +5.12000000000000010712e-06
  +5.13999999999999991564e-06
  +5.15999999999999972415e-06
  +5.18000000000000037969e-06
  +5.20000000000000018821e-06
  +5.21999999999999999672e-06
  +5.23999999999999980523e-06
  +5.26000000000000046078e-06
  +5.28000000000000026929e-06
  +5.30000000000000007780e-06
  +5.31999999999999988631e-06
  +5.33999999999999969483e-06
  +5.36000000000000035037e-06
  +5.38000000000000015889e-06
  +5.39999999999999996740e-06
  +5.41999999999999977591e-06
  +5.44000000000000043146e-06
  +5.46000000000000023997e-06
  +5.48000000000000004848e-06
  +5.49999999999999985699e-06
  +5.52000000000000051254e-06
  +5.54000000000000032105e-06
  +5.56000000000000012956e-06
  +5.57999999999999993808e-06
  +5.59999999999999974659e-06
  +5.62000000000000040213e-06
  +5.64000000000000021065e-06
  +5.66000000000000001916e-06
  +5.67999999999999982767e-06
  +5.70000000000000048322e-06
  +5.72000000000000029173e-06
  +5.74000000000000010024e-06
  +5.75999999999999990876e-06
  +5.77999999999999971727e-06
  +5.80000000000000037281e-06
  +5.82000000000000018133e-06
  +5.83999999999999998984e-06
  +5.85999999999999979835e-06
  +5.88000000000000045390e-06
  +5.90000000000000026241e-06
  +5.92000000000000007092e-06
  +5.93999999999999987943e-06
  +5.96000000000000053498e-06
  +5.98000000000000034349e-06
  +6.00000000000000015201e-06
  +6.01999999999999996052e-06
  +6.03999999999999976903e-06
  +6.06000000000000042458e-06
  +6.08000000000000023309e-06
  +6.10000000000000004160e-06
  +6.11999999999999985011e-06
  +6.14000000000000050566e-06
  +6.16000000000000031417e-06
  +6.18000000000000012268e-06
  +6.19999999999999993120e-06
  +6.21999999999999973971e-06
  +6.24000000000000039525e-06
  +6.26000000000000020377e-06
  +6.28000000000000001228e-06
  +6.29999999999999982079e-06
  +6.32000000000000047634e-06
  +6.34000000000000028485e-06
  +6.36000000000000009336e-06
  +6.37999999999999990188e-06
  +6.39999999999999971039e-06
  +6.42000000000000036593e-06
  +6.44000000000000017445e-06
  +6.45999999999999998296e-06
  +6.47999999999999979147e-06
  +6.50000000000000044702e-06
  +6.52000000000000025553e-06
  +6.54000000000000006404e-06
  +6.55999999999999987255e-06
  +6.58000000000000052810e-06
  +6.60000000000000033661e-06
  +6.62000000000000014512e-06
  +6.63999999999999995364e-06
  +6.65999999999999976215e-06
  +6.68000000000000041770e-06
  +6.70000000000000022621e-06
  +6.72000000000000003472e-06
  +6.73999999999999984323e-06
  +6.76000000000000049878e-06
  +6.78000000000000030729e-06
  +6.80000000000000011580e-06
  +6.81999999999999992432e-06
  +6.83999999999999973283e-06
  +6.86000000000000038837e-06
  +6.88000000000000019689e-06
  +6.90000000000000000540e-06
  +6.91999999999999981391e-06
  +6.94000000000000046946e-06
  +6.96000000000000027797e-06
  +6.98000000000000008648e-06
  +6.99999999999999989500e-06
  +7.02000000000000055054e-06
  +7.04000000000000035905e-06
  +7.06000000000000016757e-06
  +7.07999999999999997608e-06
  +7.09999999999999978459e-06
  +7.12000000000000044014e-06
  +7.14000000000000024865e-06
  +7.16000000000000005716e-06
  +7.17999999999999986567e-06
  +7.20000000000000052122e-06
  +7.22000000000000032973e-06
  +7.24000000000000013824e-06
  +7.25999999999999994676e-06
  +7.27999999999999975527e-06
  +7.30000000000000041082e-06
  +7.32000000000000021933e-06
  +7.34000000000000002784e-06
  +7.35999999999999983635e-06
  +7.38000000000000049190e-06
  +7.40000000000000030041e-06
  +7.42000000000000010892e-06
  +7.43999999999999991744e-06
  +7.46000000000000057298e-06
  +7.48000000000000038149e-06
  +7.50000000000000019001e-06
  +7.51999999999999999852e-06
  +7.53999999999999980703e-06
  +7.56000000000000046258e-06
  +7.58000000000000027109e-06
  +7.60000000000000007960e-06
  +7.61999999999999988811e-06
  +7.63999999999999969663e-06
  +7.65999999999999950514e-06
  +7.68000000000000100772e-06
  +7.70000000000000081623e-06
  +7.72000000000000062474e-06
  +7.74000000000000043326e-06
  +7.76000000000000024177e-06
  +7.78000000000000005028e-06
  +7.79999999999999985879e-06
  +7.81999999999999966731e-06
  +7.83999999999999947582e-06
  +7.86000000000000097840e-06
  +7.88000000000000078691e-06
  +7.90000000000000059542e-06
  +7.92000000000000040393e-06
  +7.94000000000000021245e-06
  +7.96000000000000002096e-06
  +7.97999999999999982947e-06
  +7.99999999999999963798e-06
  +8.01999999999999944650e-06
  +8.04000000000000094908e-06
  +8.06000000000000075759e-06
  +8.08000000000000056610e-06
  +8.10000000000000037461e-06
  +8.12000000000000018313e-06
  +8.13999999999999999164e-06
  +8.15999999999999980015e-06
  +8.17999999999999960866e-06
  +8.19999999999999941718e-06
  +8.22000000000000091975e-06
  +8.24000000000000072827e-06
  +8.26000000000000053678e-06
  +8.28000000000000034529e-06
  +8.30000000000000015380e-06
  +8.31999999999999996232e-06
  +8.33999999999999977083e-06
  +8.35999999999999957934e-06
  +8.37999999999999938786e-06
  +8.40000000000000089043e-06
  +8.42000000000000069895e-06
  +8.44000000000000050746e-06
  +8.46000000000000031597e-06
  +8.48000000000000012448e-06
  +8.49999999999999993300e-06
  +8.51999999999999974151e-06
  +8.53999999999999955002e-06
  +8.55999999999999935853e-06
  +8.58000000000000086111e-06
  +8.60000000000000066962e-06
  +8.62000000000000047814e-06
  +8.64000000000000028665e-06
  +8.66000000000000009516e-06
  +8.67999999999999990368e-06
  +8.69999999999999971219e-06
  +8.71999999999999952070e-06
  +8.74000000000000102328e-06
  +8.76000000000000083179e-06
  +8.78000000000000064030e-06
  +8.80000000000000044882e-06
  +8.82000000000000025733e-06
  +8.84000000000000006584e-06
  +8.85999999999999987435e-06
  +8.87999999999999968287e-06
  +8.89999999999999949138e-06
  +8.92000000000000099396e-06
  +8.94000000000000080247e-06
  +8.96000000000000061098e-06
  +8.98000000000000041950e-06
  +9.00000000000000022801e-06
  +9.02000000000000003652e-06
  +9.03999999999999984503e-06
  +9.05999999999999965355e-06
  +9.07999999999999946206e-06
  +9.10000000000000096464e-06
  +9.12000000000000077315e-06
  +9.14000000000000058166e-06
  +9.16000000000000039017e-06
  +9.18000000000000019869e-06
  +9.20000000000000000720e-06
  +9.21999999999999981571e-06
  +9.23999999999999962422e-06
  +9.25999999999999943274e-06
  +9.28000000000000093532e-06
  +9.30000000000000074383e-06
  +9.32000000000000055234e-06
  +9.34000000000000036085e-06
  +9.36000000000000016937e-06
  +9.37999999999999997788e-06
  +9.39999999999999978639e-06
  +9.41999999999999959490e-06
  +9.43999999999999940342e-06
  +9.46000000000000090599e-06
  +9.48000000000000071451e-06
  +9.50000000000000052302e-06
  +9.52000000000000033153e-06
  +9.54000000000000014004e-06
  +9.55999999999999994856e-06
  +9.57999999999999975707e-06
  +9.59999999999999956558e-06
  +9.61999999999999937409e-06
  +9.64000000000000087667e-06
  +9.66000000000000068519e-06
  +9.68000000000000049370e-06
  +9.70000000000000030221e-06
  +9.72000000000000011072e-06
  +9.73999999999999991924e-06
  +9.75999999999999972775e-06
  +9.77999999999999953626e-06
  +9.80000000000000103884e-06
  +9.82000000000000084735e-06
  +9.84000000000000065586e-06
  +9.86000000000000046438e-06
  +9.88000000000000027289e-06
  +9.90000000000000008140e-06
  +9.91999999999999988991e-06
  +9.93999999999999969843e-06
  +9.95999999999999950694e-06
  +9.98000000000000100952e-06
  +1.00000000000000008180e-05
</indep>
<dep V1.It time>
  +0.00000000000000000000e+00
  +0.00000000000000000000e+00
  +0.00000000000000000000e+00
  +0.00000000000000000000e+00
  +0.00000000000000000000e+00
  +0.00000000000000000000e+00
  +0.00000000000000000000e+00
  +0.00000000000000000000e+00
  +0.00000000000000000000e+00
  +0.00000000000000000000e+00
  +0.00000000000000000000e+00
  +0.00000000000000000000e+00
  +0.00000000000000000000e+00
  +0.00000000000000000000e+00
  +0.00000000000000000000e+00
  +0.00000000000000000000e+00
  +0.00000000000000000000e+00
  +0.00000000000000000000e+00
  +0.00000000000000000000e+00
  +0.00000000000000000000e+00
  +0.00000000000000000000e+00
  +0.00000000000000000000e+00
  +0.00000000000000000000e+00
  +0.00000000000000000000e+00
  +0.00000000000000000000e+00
  +0.00000000000000000000e+00
  +0.00000000000000000000e+00
  +0.00000000000000000000e+00
  +0.00000000000000000000e+00
  +0.00000000000000000000e+00
  +0.00000000000000000000e+00
  +0.00000000000000000000e+00
  +0.00000000000000000000e+00
  +0.00000000000000000000e+00
  +0.00000000000000000000e+00
  +0.00000000000000000000e+00
  +0.00000000000000000000e+00
  +0.00000000000000000000e+00
  +0.00000000000000000000e+00
  +0.00000000000000000000e+00
  +0.00000000000000000000e+00
  +0.00000000000000000000e+00
  +0.00000000000000000000e+00
  +0.00000000000000000000e+00
  +0.00000000000000000000e+00
  +0.00000000000000000000e+00
  +0.00000000000000000000e+00
  +0.00000000000000000000e+00
  +0.00000000000000000000e+00
  +0.00000000000000000000e+00
  +0.00000000000000000000e+00
  +0.00000000000000000000e+00
  +0.00000000000000000000e+00
  +0.00000000000000000000e+00
  +0.00000000000000000000e+00
  +0.00000000000000000000e+00
  +0.00000000000000000000e+00
  +0.00000000000000000000e+00
  +0.00000000000000000000e+00
  +0.00000000000000000000e+00
  +0.00000000000000000000e+00
  +0.00000000000000000000e+00
  +0.00000000000000000000e+00
  +0.00000000000000000000e+00
  +0.00000000000000000000e+00
  +0.00000000000000000000e+00
  +0.00000000000000000000e+00
  +0.00000000000000000000e+00
  +0.00000000000000000000e+00
  +0.00000000000000000000e+00
  +0.00000000000000000000e+00
  +0.00000000000000000000e+00
  +0.00000000000000000000e+00
  +0.00000000000000000000e+00
  +0.00000000000000000000e+00
  +0.00000000000000000000e+00
  +0.00000000000000000000e+00
  +0.00000000000000000000e+00
  +0.00000000000000000000e+00
  +0.00000000000000000000e+00
  +0.00000000000000000000e+00
  +0.00000000000000000000e+00
  +0.00000000000000000000e+00
  +0.00000000000000000000e+00
  +0.00000000000000000000e+00
  +0.00000000000000000000e+00
  +0.00000000000000000000e+00
  +0.00000000000000000000e+00
  +0.00000000000000000000e+00
  +0.00000000000000000000e+00
  +0.00000000000000000000e+00
  +0.00000000000000000000e+00
  +0.00000000000000000000e+00
  +0.00000000000000000000e+00
  +0.00000000000000000000e+00
  +0.00000000000000000000e+00
  +0.00000000000000000000e+00
  +0.00000000000000000000e+00
  +0.00000000000000000000e+00
  +0.00000000000000000000e+00
  +0.00000000000000000000e+00
  +0.00000000000000000000e+00
  +0.00000000000000000000e+00
  +0.00000000000000000000e+00
  +0.00000000000000000000e+00
  +0.00000000000000000000e+00
  +0.00000000000000000000e+00
  +0.00000000000000000000e+00
  +0.00000000000000000000e+00
  +0.00000000000000000000e+00
  +0.00000000000000000000e+00
  +0.00000000000000000000e+00
  +0.00000000000000000000e+00
  +0.00000000000000000000e+00
  +0.00000000000000000000e+00
  +0.00000000000000000000e+00
  +0.00000000000000000000e+00
  +0.00000000000000000000e+00
  +0.00000000000000000000e+00
  +0.00000000000000000000e+00
  +0.00000000000000000000e+00
  +0.00000000000000000000e+00
  +0.00000000000000000000e+00
  +0.00000000000000000000e+00
  +0.00000000000000000000e+00
  +0.00000000000000000000e+00
  +0.00000000000000000000e+00
  +0.00000000000000000000e+00
  +0.00000000000000000000e+00
  +0.00000000000000000000e+00
  +0.00000000000000000000e+00
  +0.00000000000000000000e+00
  +0.00000000000000000000e+00
  +0.00000000000000000000e+00
  +0.00000000000000000000e+00
  +0.00000000000000000000e+00
  +0.00000000000000000000e+00
  +0.00000000000000000000e+00
  +0.00000000000000000000e+00
  +0.00000000000000000000e+00
  +0.00000000000000000000e+00
  +0.00000000000000000000e+00
  +0.00000000000000000000e+00
  +0.00000000000000000000e+00
  +0.00000000000000000000e+00
  +0.00000000000000000000e+00
  +0.00000000000000000000e+00
  +0.00000000000000000000e+00
  +0.00000000000000000000e+00
  +0.00000000000000000000e+00
  +0.00000000000000000000e+00
  +0.00000000000000000000e+00
  +0.00000000000000000000e+00
  +0.00000000000000000000e+00
  +0.00000000000000000000e+00
  +0.00000000000000000000e+00
  +0.00000000000000000000e+00
  +0.00000000000000000000e+00
  +0.00000000000000000000e+00
  +0.00000000000000000000e+00
  +0.00000000000000000000e+00
  +0.00000000000000000000e+00
  +0.00000000000000000000e+00
  +0.00000000000000000000e+00
  +0.00000000000000000000e+00
  +0.00000000000000000000e+00
  +0.00000000000000000000e+00
  +0.00000000000000000000e+00
  +0.00000000000000000000e+00
  +0.00000000000000000000e+00
  +0.00000000000000000000e+00
  +0.00000000000000000000e+00
  +0.00000000000000000000e+00
  +0.00000000000000000000e+00
  +0.00000000000000000000e+00
  +0.00000000000000000000e+00
  +0.00000000000000000000e+00
  +0.00000000000000000000e+00
  +0.00000000000000000000e+00
  +0.00000000000000000000e+00
  +0.00000000000000000000e+00
  +0.00000000000000000000e+00
  +0.00000000000000000000e+00
  +0.00000000000000000000e+00
  +0.00000000000000000000e+00
  +0.00000000000000000000e+00
  +0.00000000000000000000e+00
  +0.00000000000000000000e+00
  +0.00000000000000000000e+00
  +0.00000000000000000000e+00
  +0.00000000000000000000e+00
  +0.00000000000000000000e+00
  +0.00000000000000000000e+00
  +0.00000000000000000000e+00
  +0.00000000000000000000e+00
  +0.00000000000000000000e+00
  +0.00000000000000000000e+00
  +0.00000000000000000000e+00
  +0.00000000000000000000e+00
  +0.00000000000000000000e+00
  +0.00000000000000000000e+00
  +0.00000000000000000000e+00
  +0.00000000000000000000e+00
  +0.00000000000000000000e+00
  +0.00000000000000000000e+00
  +0.00000000000000000000e+00
  +0.00000000000000000000e+00
  +0.00000000000000000000e+00
  +0.00000000000000000000e+00
  +0.00000000000000000000e+00
  +0.00000000000000000000e+00
  +0.00000000000000000000e+00
  +0.00000000000000000000e+00
  +0.00000000000000000000e+00
  +0.00000000000000000000e+00
  +0.00000000000000000000e+00
  +0.00000000000000000000e+00
  +0.00000000000000000000e+00
  +0.00000000000000000000e+00
  +0.00000000000000000000e+00
  +0.00000000000000000000e+00
  +0.00000000000000000000e+00
  +0.00000000000000000000e+00
  +0.00000000000000000000e+00
  +0.00000000000000000000e+00
  +0.00000000000000000000e+00
  +0.00000000000000000000e+00
  +0.00000000000000000000e+00
  +0.00000000000000000000e+00
  +0.00000000000000000000e+00
  +0.00000000000000000000e+00
  +0.00000000000000000000e+00
  +0.00000000000000000000e+00
  +0.00000000000000000000e+00
  +0.00000000000000000000e+00
  +0.00000000000000000000e+00
  +0.00000000000000000000e+00
  +0.00000000000000000000e+00
  +0.00000000000000000000e+00
  +0.00000000000000000000e+00
  +0.00000000000000000000e+00
  +0.00000000000000000000e+00
  +0.00000000000000000000e+00
  +0.00000000000000000000e+00
  +0.00000000000000000000e+00
  +0.00000000000000000000e+00
  +0.00000000000000000000e+00
  +0.00000000000000000000e+00
  +0.00000000000000000000e+00
  +0.00000000000000000000e+00
  +0.00000000000000000000e+00
  +0.00000000000000000000e+00
  +0.00000000000000000000e+00
  +0.00000000000000000000e+00
  +0.00000000000000000000e+00
  +0.00000000000000000000e+00
  +0.00000000000000000000e+00
  +0.00000000000000000000e+00
  +0.00000000000000000000e+00
  +0.00000000000000000000e+00
  +0.00000000000000000000e+00
  +0.00000000000000000000e+00
  +0.00000000000000000000e+00
  +0.00000000000000000000e+00
  +0.00000000000000000000e+00
  +0.00000000000000000000e+00
  +0.00000000000000000000e+00
  +0.00000000000000000000e+00
  +0.00000000000000000000e+00
  +0.00000000000000000000e+00
  +0.00000000000000000000e+00
  +0.00000000000000000000e+00
  +0.00000000000000000000e+00
  +0.00000000000000000000e+00
  +0.00000000000000000000e+00
  +0.00000000000000000000e+00
  +0.00000000000000000000e+00
  +0.00000000000000000000e+00
  +0.00000000000000000000e+00
  +0.00000000000000000000e+00
  +0.00000000000000000000e+00
  +0.00000000000000000000e+00
  +0.00000000000000000000e+00
  +0.00000000000000000000e+00
  +0.00000000000000000000e+00
  +0.00000000000000000000e+00
  +0.00000000000000000000e+00
  +0.00000000000000000000e+00
  +0.00000000000000000000e+00
  +0.00000000000000000000e+00
  +0.00000000000000000000e+00
  +0.00000000000000000000e+00
  +0.00000000000000000000e+00
  +0.00000000000000000000e+00
  +0.00000000000000000000e+00
  +0.00000000000000000000e+00
  +0.00000000000000000000e+00
  +0.00000000000000000000e+00
  +0.00000000000000000000e+00
  +0.00000000000000000000e+00
  +0.00000000000000000000e+00
  +0.00000000000000000000e+00
  +0.00000000000000000000e+00
  +0.00000000000000000000e+00
  +0.00000000000000000000e+00
  +0.00000000000000000000e+00
  +0.00000000000000000000e+00
  +0.00000000000000000000e+00
  +0.00000000000000000000e+00
  +0.00000000000000000000e+00
  +0.00000000000000000000e+00
  +0.00000000000000000000e+00
  +0.00000000000000000000e+00
  +0.00000000000000000000e+00
  +0.00000000000000000000e+00
  +0.00000000000000000000e+00
  +0.00000000000000000000e+00
  +0.00000000000000000000e+00
  +0.00000000000000000000e+00
  +0.00000000000000000000e+00
  +0.00000000000000000000e+00
  +0.00000000000000000000e+00
  +0.00000000000000000000e+00
  +0.00000000000000000000e+00
  +0.00000000000000000000e+00
  +0.00000000000000000000e+00
  +0.00000000000000000000e+00
  +0.00000000000000000000e+00
  +0.00000000000000000000e+00
  +0.00000000000000000000e+00
  +0.00000000000000000000e+00
  +0.00000000000000000000e+00
  +0.00000000000000000000e+00
  +0.00000000000000000000e+00
  +0.00000000000000000000e+00
  +0.00000000000000000000e+00
  +0.00000000000000000000e+00
  +0.00000000000000000000e+00
  +0.00000000000000000000e+00
  +0.00000000000000000000e+00
  +0.00000000000000000000e+00
  +0.00000000000000000000e+00
  +0.00000000000000000000e+00
  +0.00000000000000000000e+00
  +0.00000000000000000000e+00
  +0.00000000000000000000e+00
  +0.00000000000000000000e+00
  +0.00000000000000000000e+00
  +0.00000000000000000000e+00
  +0.00000000000000000000e+00
  +0.00000000000000000000e+00
  +0.00000000000000000000e+00
  +0.00000000000000000000e+00
  +0.00000000000000000000e+00
  +0.00000000000000000000e+00
  +0.00000000000000000000e+00
  +0.00000000000000000000e+00
  +0.00000000000000000000e+00
  +0.00000000000000000000e+00
  +0.00000000000000000000e+00
  +0.00000000000000000000e+00
  +0.00000000000000000000e+00
  +0.00000000000000000000e+00
  +0.00000000000000000000e+00
  +0.00000000000000000000e+00
  +0.00000000000000000000e+00
  +0.00000000000000000000e+00
  +0.00000000000000000000e+00
  +0.00000000000000000000e+00
  +0.00000000000000000000e+00
  +0.00000000000000000000e+00
  +0.00000000000000000000e+00
  +0.00000000000000000000e+00
  +0.00000000000000000000e+00
  +0.00000000000000000000e+00
  +0.00000000000000000000e+00
  +0.00000000000000000000e+00
  +0.00000000000000000000e+00
  +0.00000000000000000000e+00
  +0.00000000000000000000e+00
  +0.00000000000000000000e+00
  +0.00000000000000000000e+00
  +0.00000000000000000000e+00
  +0.00000000000000000000e+00
  +0.00000000000000000000e+00
  +0.00000000000000000000e+00
  +0.00000000000000000000e+00
  +0.00000000000000000000e+00
  +0.00000000000000000000e+00
  +0.00000000000000000000e+00
  +0.00000000000000000000e+00
  +0.00000000000000000000e+00
  +0.00000000000000000000e+00
  +0.00000000000000000000e+00
  +0.00000000000000000000e+00
  +0.00000000000000000000e+00
  +0.00000000000000000000e+00
  +0.00000000000000000000e+00
  +0.00000000000000000000e+00
  +0.00000000000000000000e+00
  +0.00000000000000000000e+00
  +0.00000000000000000000e+00
  +0.00000000000000000000e+00
  +0.00000000000000000000e+00
  +0.00000000000000000000e+00
  +0.00000000000000000000e+00
  +0.00000000000000000000e+00
  +0.00000000000000000000e+00
  +0.00000000000000000000e+00
  +0.00000000000000000000e+00
  +0.00000000000000000000e+00
  +0.00000000000000000000e+00
  +0.00000000000000000000e+00
  +0.00000000000000000000e+00
  +0.00000000000000000000e+00
  +0.00000000000000000000e+00
  +0.00000000000000000000e+00
  +0.00000000000000000000e+00
  +0.00000000000000000000e+00
  +0.00000000000000000000e+00
  +0.00000000000000000000e+00
  +0.00000000000000000000e+00
  +0.00000000000000000000e+00
  +0.00000000000000000000e+00
  +0.00000000000000000000e+00
  +0.00000000000000000000e+00
  +0.00000000000000000000e+00
  +0.00000000000000000000e+00
  +0.00000000000000000000e+00
  +0.00000000000000000000e+00
  +0.00000000000000000000e+00
  +0.00000000000000000000e+00
  +0.00000000000000000000e+00
  +0.00000000000000000000e+00
  +0.00000000000000000000e+00
  +0.00000000000000000000e+00
  +0.00000000000000000000e+00
  +0.00000000000000000000e+00
  +0.00000000000000000000e+00
  +0.00000000000000000000e+00
  +0.00000000000000000000e+00
  +0.00000000000000000000e+00
  +0.00000000000000000000e+00
  +0.00000000000000000000e+00
  +0.00000000000000000000e+00
  +0.00000000000000000000e+00
  +0.00000000000000000000e+00
  +0.00000000000000000000e+00
  +0.00000000000000000000e+00
  +0.00000000000000000000e+00
  +0.00000000000000000000e+00
  +0.00000000000000000000e+00
  +0.00000000000000000000e+00
  +0.00000000000000000000e+00
  +0.00000000000000000000e+00
  +0.00000000000000000000e+00
  +0.00000000000000000000e+00
  +0.00000000000000000000e+00
  +0.00000000000000000000e+00
  +0.00000000000000000000e+00
  +0.00000000000000000000e+00
  +0.00000000000000000000e+00
  +0.00000000000000000000e+00
  +0.00000000000000000000e+00
  +0.00000000000000000000e+00
  +0.00000000000000000000e+00
  +0.00000000000000000000e+00
  +0.00000000000000000000e+00
  +0.00000000000000000000e+00
  +0.00000000000000000000e+00
  +0.00000000000000000000e+00
  +0.00000000000000000000e+00
  +0.00000000000000000000e+00
  +0.00000000000000000000e+00
  +0.00000000000000000000e+00
  +0.00000000000000000000e+00
  +0.00000000000000000000e+00
  +0.00000000000000000000e+00
  +0.00000000000000000000e+00
  +0.00000000000000000000e+00
  +0.00000000000000000000e+00
  +0.00000000000000000000e+00
  +0.00000000000000000000e+00
  +0.00000000000000000000e+00
  +0.00000000000000000000e+00
  +0.00000000000000000000e+00
  +0.00000000000000000000e+00
  +0.00000000000000000000e+00
  +0.00000000000000000000e+00
  +0.00000000000000000000e+00
  +0.00000000000000000000e+00
  +0.00000000000000000000e+00
  +0.00000000000000000000e+00
  +0.00000000000000000000e+00
  +0.00000000000000000000e+00
  +0.00000000000000000000e+00
  +0.00000000000000000000e+00
  +0.00000000000000000000e+00
  +0.00000000000000000000e+00
  +0.00000000000000000000e+00
  +0.00000000000000000000e+00
</dep>
<dep V_i.Vt time>
  +0.00000000000000000000e+00
  +6.28301994167630283722e-03
  +1.25650477216687379844e-02
  +1.88450913349672705133e-02
  +2.51221590898847747797e-02
  +3.13952597646566800016e-02
  +3.76634027639663609976e-02
  +4.39255982753715829014e-02
  +5.01808574256074405029e-02
  +5.64281924367408330157e-02
  +6.26666167821521152836e-02
  +6.88951453423190390835e-02
  +7.51127945603785318607e-02
  +8.13185825974417908490e-02
  +8.75115294876380178657e-02
  +9.36906572928623004870e-02
  +9.98549902572034991932e-02
  +1.06003554961027313119e-01
  +1.12135380474690571351e-01
  +1.18249498511862338734e-01
  +1.24344943582427369666e-01
  +1.30420753144948442515e-01
  +1.36475967758662608542e-01
  +1.42509631234988026760e-01
  +1.48520790788517459413e-01
  +1.54508497187473670120e-01
  +1.60471804903604742254e-01
  +1.66409772261493310586e-01
  +1.72321461587258528692e-01
  +1.78205939356625375769e-01
  +1.84062276342338959623e-01
  +1.89889547760900528894e-01
  +1.95686833418601185963e-01
  +2.01453217856831318100e-01
  +2.07187790496642071369e-01
  +2.12889645782536301999e-01
  +2.18557883325466412172e-01
  +2.24191608045016088635e-01
  +2.29789930310743906183e-01
  +2.35351966082666258506e-01
  +2.40876837050857606215e-01
  +2.46363670774145754327e-01
  +2.51811600817880398839e-01
  +2.57219766890753209765e-01
  +2.62587314980647856810e-01
  +2.67913397489498328330e-01
  +2.73197173367134504840e-01
  +2.78437808244093976118e-01
  +2.83634474563378258249e-01
  +2.88786351711133759679e-01
  +2.93892626146236513041e-01
  +2.98952491528759356498e-01
  +3.03965148847302690793e-01
  +3.08929806545167162657e-01
  +3.13845680645350233462e-01
  +3.18711994874344817230e-01
  +3.23527980784722113405e-01
  +3.28292877876478206289e-01
  +3.33005933717125834903e-01
  +3.37666404060512126417e-01
  +3.42273552964344307536e-01
  +3.46826652906402466137e-01
  +3.51324984899424597184e-01
  +3.55767838604642616662e-01
  +3.60154512443953411793e-01
  +3.64484313710705720712e-01
  +3.68756558679086965391e-01
  +3.72970572712091053003e-01
  +3.77125690368051880164e-01
  +3.81221255505723943813e-01
  +3.85256621387894571118e-01
  +3.89231150783511670177e-01
  +3.93144216068309404477e-01
  +3.96995199323917635770e-01
  +4.00783492435438259971e-01
  +4.04508497187473725631e-01
  +4.08169625358591969810e-01
  +4.11766298814213727031e-01
  +4.15297949597906279617e-01
  +4.18764020021070826338e-01
  +4.22163962751007482144e-01
  +4.25497240897345918587e-01
  +4.28763328096826101810e-01
  +4.31961708596417637285e-01
  +4.35091877334762788809e-01
  +4.38153340021931791970e-01
  +4.41145613217476639800e-01
  +4.44068224406772238400e-01
  +4.46920712075631887394e-01
  +4.49702625783185483410e-01
  +4.52413526233009788413e-01
  +4.55052985342497828825e-01
  +4.57620586310458710155e-01
  +4.60115923682935135108e-01
  +4.62538603417229021719e-01
  +4.64888242944125673617e-01
  +4.67164471228306010797e-01
  +4.69366928826937035435e-01
  +4.71495267946432206063e-01
  +4.73549152497372116688e-01
  +4.75528258147576765591e-01
  +4.77432272373321475722e-01
  +4.79260894508687917970e-01
  +4.81013835793042965339e-01
  +4.82690819416636940353e-01
  +4.84291580564315538027e-01
  +4.85815866457336931195e-01
  +4.87263436393288562609e-01
  +4.88634061784096740411e-01
  +4.89927526192123430349e-01
  +4.91143625364344305062e-01
  +4.92282167264602665835e-01
  +4.93342972103934018779e-01
  +4.94325872368956975578e-01
  +4.95230712848325593800e-01
  +4.96057350657238882441e-01
  +4.96805655260004197515e-01
  +4.97475508490650086824e-01
  +4.98066804571586196904e-01
  +4.98579450130306967015e-01
  +4.99013364214135779484e-01
  +4.99368478303008733743e-01
  +4.99644736320294602372e-01
  +4.99842094641649969944e-01
  +4.99960522101908055870e-01
  +5.00000000000000000000e-01
  +4.99960522101908055870e-01
  +4.99842094641649969944e-01
  +4.99644736320294602372e-01
  +4.99368478303008733743e-01
  +4.99013364214135779484e-01
  +4.98579450130306967015e-01
  +4.98066804571586252415e-01
  +4.97475508490650086824e-01
  +4.96805655260004197515e-01
  +4.96057350657238937952e-01
  +4.95230712848325593800e-01
  +4.94325872368957031089e-01
  +4.93342972103934018779e-01
  +4.92282167264602721346e-01
  +4.91143625364344360573e-01
  +4.89927526192123430349e-01
  +4.88634061784096740411e-01
  +4.87263436393288618120e-01
  +4.85815866457336986706e-01
  +4.84291580564315593538e-01
  +4.82690819416636995864e-01
  +4.81013835793042965339e-01
  +4.79260894508687973481e-01
  +4.77432272373321475722e-01
  +4.75528258147576821102e-01
  +4.73549152497372172199e-01
  +4.71495267946432261574e-01
  +4.69366928826937090946e-01
  +4.67164471228306066308e-01
  +4.64888242944125729128e-01
  +4.62538603417229021719e-01
  +4.60115923682935190620e-01
  +4.57620586310458821178e-01
  +4.55052985342497884336e-01
  +4.52413526233009843924e-01
  +4.49702625783185594432e-01
  +4.46920712075631942906e-01
  +4.44068224406772293911e-01
  +4.41145613217476750822e-01
  +4.38153340021931847481e-01
  +4.35091877334762844320e-01
  +4.31961708596417692796e-01
  +4.28763328096826212832e-01
  +4.25497240897345974098e-01
  +4.22163962751007593166e-01
  +4.18764020021070992872e-01
  +4.15297949597906335129e-01
  +4.11766298814213782542e-01
  +4.08169625358592025322e-01
  +4.04508497187473725631e-01
  +4.00783492435438259971e-01
  +3.96995199323917746792e-01
  +3.93144216068309515499e-01
  +3.89231150783511725688e-01
  +3.85256621387894626629e-01
  +3.81221255505724054835e-01
  +3.77125690368051991186e-01
  +3.72970572712091108514e-01
  +3.68756558679087131924e-01
  +3.64484313710705887246e-01
  +3.60154512443953522816e-01
  +3.55767838604642727685e-01
  +3.51324984899424597184e-01
  +3.46826652906402466137e-01
  +3.42273552964344418559e-01
  +3.37666404060512292951e-01
  +3.33005933717125834903e-01
  +3.28292877876478206289e-01
  +3.23527980784722279939e-01
  +3.18711994874344928252e-01
  +3.13845680645350455507e-01
  +3.08929806545167162657e-01
  +3.03965148847302801816e-01
  +2.98952491528759523032e-01
  +2.93892626146236790596e-01
  +2.88786351711133815190e-01
  +2.83634474563378202738e-01
  +2.78437808244094087140e-01
  +2.73197173367134782396e-01
  +2.67913397489498494863e-01
  +2.62587314980647801299e-01
  +2.57219766890753320787e-01
  +2.51811600817880454350e-01
  +2.46363670774146004128e-01
  +2.40876837050857606215e-01
  +2.35351966082666397284e-01
  +2.29789930310743989450e-01
  +2.24191608045016338435e-01
  +2.18557883325466634217e-01
  +2.12889645782536440777e-01
  +2.07187790496642154636e-01
  +2.01453217856831567900e-01
  +1.95686833418601408008e-01
  +1.89889547760900501139e-01
  +1.84062276342339070645e-01
  +1.78205939356625403525e-01
  +1.72321461587258722981e-01
  +1.66409772261493255074e-01
  +1.60471804903604853276e-01
  +1.54508497187473753387e-01
  +1.48520790788517681458e-01
  +1.42509631234988221049e-01
  +1.36475967758662719564e-01
  +1.30420753144948525781e-01
  +1.24344943582427619466e-01
  +1.18249498511862519146e-01
  +1.12135380474690501962e-01
  +1.06003554961027396386e-01
  +9.98549902572035269488e-02
  +9.36906572928625086538e-02
  +8.75115294876383786882e-02
  +8.13185825974418879936e-02
  +7.51127945603785596163e-02
  +6.88951453423192333725e-02
  +6.26666167821522679393e-02
  +5.64281924367409370991e-02
  +5.01808574256074890751e-02
  +4.39255982753717980072e-02
  +3.76634027639665205922e-02
  +3.13952597646567910239e-02
  +2.51221590898848302909e-02
  +1.88450913349674890884e-02
  +1.25650477216689062526e-02
  +6.28301994167664024094e-03
  +6.12323399573676603587e-17
  -6.28301994167629589833e-03
  -1.25650477216685627774e-02
  -1.88450913349671456132e-02
  -2.51221590898847088602e-02
  -3.13952597646566730627e-02
  -3.76634027639661736475e-02
  -4.39255982753714510625e-02
  -5.01808574256071421305e-02
  -5.64281924367408191379e-02
  -6.26666167821519209946e-02
  -6.88951453423188864278e-02
  -7.51127945603782126716e-02
  -8.13185825974417630935e-02
  -8.75115294876380456213e-02
  -9.36906572928621617091e-02
  -9.98549902572031938819e-02
  -1.06003554961027063319e-01
  -1.12135380474690599106e-01
  -1.18249498511862186079e-01
  -1.24344943582427286399e-01
  -1.30420753144948192714e-01
  -1.36475967758662608542e-01
  -1.42509631234987887982e-01
  -1.48520790788517348391e-01
  -1.54508497187473448076e-01
  -1.60471804903604742254e-01
  -1.66409772261493144052e-01
  -1.72321461587258417669e-01
  -1.78205939356625070458e-01
  -1.84062276342338737578e-01
  -1.89889547760900584406e-01
  -1.95686833418601074941e-01
  -2.01453217856831262589e-01
  -2.07187790496641821569e-01
  -2.12889645782536329754e-01
  -2.18557883325466328905e-01
  -2.24191608045016033124e-01
  -2.29789930310743684139e-01
  -2.35351966082666091973e-01
  -2.40876837050857495193e-01
  -2.46363670774145698816e-01
  -2.51811600817880176795e-01
  -2.57219766890753043231e-01
  -2.62587314980647912321e-01
  -2.67913397489498217308e-01
  -2.73197173367134282795e-01
  -2.78437808244093809584e-01
  -2.83634474563378258249e-01
  -2.88786351711133704168e-01
  -2.93892626146236513041e-01
  -2.98952491528759245476e-01
  -3.03965148847302524260e-01
  -3.08929806545167051635e-01
  -3.13845680645350177951e-01
  -3.18711994874344650697e-01
  -3.23527980784722002383e-01
  -3.28292877876478095267e-01
  -3.33005933717125723881e-01
  -3.37666404060512015395e-01
  -3.42273552964344196514e-01
  -3.46826652906402188581e-01
  -3.51324984899424541673e-01
  -3.55767838604642616662e-01
  -3.60154512443953300771e-01
  -3.64484313710705665201e-01
  -3.68756558679086854369e-01
  -3.72970572712091053003e-01
  -3.77125690368051769141e-01
  -3.81221255505723666257e-01
  -3.85256621387894404585e-01
  -3.89231150783511503644e-01
  -3.93144216068309293455e-01
  -3.96995199323917524747e-01
  -4.00783492435438204460e-01
  -4.04508497187473670120e-01
  -4.08169625358591969810e-01
  -4.11766298814213449475e-01
  -4.15297949597906113084e-01
  -4.18764020021070937361e-01
  -4.22163962751007426633e-01
  -4.25497240897345807564e-01
  -4.28763328096826046298e-01
  -4.31961708596417581774e-01
  -4.35091877334762788809e-01
  -4.38153340021931791970e-01
  -4.41145613217476473267e-01
  -4.44068224406772127377e-01
  -4.46920712075631776372e-01
  -4.49702625783185427899e-01
  -4.52413526233009677391e-01
  -4.55052985342497773313e-01
  -4.57620586310458599133e-01
  -4.60115923682935190620e-01
  -4.62538603417229021719e-01
  -4.64888242944125562595e-01
  -4.67164471228305899775e-01
  -4.69366928826936979924e-01
  -4.71495267946432150552e-01
  -4.73549152497372116688e-01
  -4.75528258147576765591e-01
  -4.77432272373321475722e-01
  -4.79260894508687973481e-01
  -4.81013835793042854316e-01
  -4.82690819416636884842e-01
  -4.84291580564315482516e-01
  -4.85815866457336931195e-01
  -4.87263436393288562609e-01
  -4.88634061784096684899e-01
  -4.89927526192123319326e-01
  -4.91143625364344360573e-01
  -4.92282167264602721346e-01
  -4.93342972103933963268e-01
  -4.94325872368956975578e-01
  -4.95230712848325593800e-01
  -4.96057350657238882441e-01
  -4.96805655260004197515e-01
  -4.97475508490650086824e-01
  -4.98066804571586196904e-01
  -4.98579450130306967015e-01
  -4.99013364214135779484e-01
  -4.99368478303008733743e-01
  -4.99644736320294602372e-01
  -4.99842094641649969944e-01
  -4.99960522101908055870e-01
  -5.00000000000000000000e-01
  -4.99960522101908055870e-01
  -4.99842094641650025455e-01
  -4.99644736320294602372e-01
  -4.99368478303008789254e-01
  -4.99013364214135779484e-01
  -4.98579450130306967015e-01
  -4.98066804571586252415e-01
  -4.97475508490650142335e-01
  -4.96805655260004197515e-01
  -4.96057350657238937952e-01
  -4.95230712848325593800e-01
  -4.94325872368957031089e-01
  -4.93342972103934074291e-01
  -4.92282167264602721346e-01
  -4.91143625364344360573e-01
  -4.89927526192123541371e-01
  -4.88634061784096851433e-01
  -4.87263436393288562609e-01
  -4.85815866457336986706e-01
  -4.84291580564315538027e-01
  -4.82690819416636995864e-01
  -4.81013835793043020850e-01
  -4.79260894508688028992e-01
  -4.77432272373321531234e-01
  -4.75528258147576932124e-01
  -4.73549152497372283221e-01
  -4.71495267946432206063e-01
  -4.69366928826937035435e-01
  -4.67164471228306010797e-01
  -4.64888242944125784639e-01
  -4.62538603417229132742e-01
  -4.60115923682935246131e-01
  -4.57620586310458987711e-01
  -4.55052985342498050869e-01
  -4.52413526233009954947e-01
  -4.49702625783185483410e-01
  -4.46920712075631831883e-01
  -4.44068224406772404933e-01
  -4.41145613217476750822e-01
  -4.38153340021931902992e-01
  -4.35091877334762899832e-01
  -4.31961708596417914841e-01
  -4.28763328096826379365e-01
  -4.25497240897346140631e-01
  -4.22163962751007482144e-01
  -4.18764020021070770827e-01
  -4.15297949597906446151e-01
  -4.11766298814213838053e-01
  -4.08169625358592080833e-01
  -4.04508497187473781143e-01
  -4.00783492435438593038e-01
  -3.96995199323917913325e-01
  -3.93144216068309682033e-01
  -3.89231150783511670177e-01
  -3.85256621387894793163e-01
  -3.81221255505724054835e-01
  -3.77125690368052046697e-01
  -3.72970572712091164025e-01
  -3.68756558679087298458e-01
  -3.64484313710706053779e-01
  -3.60154512443953744860e-01
  -3.55767838604642616662e-01
  -3.51324984899424486162e-01
  -3.46826652906402688181e-01
  -3.42273552964344474070e-01
  -3.37666404060512348462e-01
  -3.33005933717125890414e-01
  -3.28292877876478594867e-01
  -3.23527980784722501983e-01
  -3.18711994874345150297e-01
  -3.13845680645350122440e-01
  -3.08929806545167384702e-01
  -3.03965148847302857327e-01
  -2.98952491528759578543e-01
  -2.93892626146236679574e-01
  -2.88786351711134203768e-01
  -2.83634474563378591316e-01
  -2.78437808244094309185e-01
  -2.73197173367134837907e-01
  -2.67913397489498161796e-01
  -2.62587314980648078855e-01
  -2.57219766890753376298e-01
  -2.51811600817880509862e-01
  -2.46363670774145837594e-01
  -2.40876837050858050304e-01
  -2.35351966082666647084e-01
  -2.29789930310744239250e-01
  -2.24191608045016393946e-01
  -2.18557883325466273394e-01
  -2.12889645782536496288e-01
  -2.07187790496642210147e-01
  -2.01453217856831429122e-01
  -1.95686833418601241474e-01
  -1.89889547760900945228e-01
  -1.84062276342339348201e-01
  -1.78205939356625653325e-01
  -1.72321461587259194825e-01
  -1.66409772261493532630e-01
  -1.60471804903604908787e-01
  -1.54508497187473808898e-01
  -1.48520790788517514924e-01
  -1.42509631234988498605e-01
  -1.36475967758662997120e-01
  -1.30420753144948803337e-01
  -1.24344943582427674977e-01
  -1.18249498511863004868e-01
  -1.12135380474690779518e-01
  -1.06003554961027451897e-01
  -9.98549902572035963377e-02
  -9.36906572928623421204e-02
  -8.75115294876384341993e-02
  -8.13185825974421655493e-02
  -7.51127945603788371720e-02
  -6.88951453423192888836e-02
  -6.26666167821523234505e-02
  -5.64281924367409995491e-02
  -5.01808574256075445863e-02
  -4.39255982753716384126e-02
  -3.76634027639667981480e-02
  -3.13952597646570755185e-02
  -2.51221590898851113161e-02
  -1.88450913349675515385e-02
  -1.25650477216694110572e-02
  -6.28301994167647977901e-03
  -1.22464679914735320717e-16
</dep>
<dep _net1.Vt time>
  +0.00000000000000000000e+00
  +9.34248036418215861698e-03
  +1.86834854423809405832e-02
  +2.80215401815777712113e-02
  +3.73551699946468862557e-02
  +4.66829009932097985236e-02
  +5.60032602203794499518e-02
  +6.53147758833570318826e-02
  +7.46159775858454554776e-02
  +8.39053965602417906045e-02
  +9.31815658995728546277e-02
  +1.02443020789136848836e-01
  +1.11688298737814564743e-01
  +1.20915939809013800454e-01
  +1.30124486851210391380e-01
  +1.39312485728049051392e-01
  +1.48478485547968885871e-01
  +1.57621038893315551510e-01
  +1.66738702048905562680e-01
  +1.75830035230005815583e-01
  +1.84893602809691887101e-01
  +1.93927973545550830226e-01
  +2.02931720805690357645e-01
  +2.11903422794020884767e-01
  +2.20841662774773933586e-01
  +2.29745029296220260040e-01
  +2.38612116413555785943e-01
  +2.47441523910915228690e-01
  +2.56231857522483619238e-01
  +2.64981729152666267701e-01
  +2.73689757095285368660e-01
  +2.82354566251767913343e-01
  +2.90974788348288992967e-01
  +2.99549062151838740853e-01
  +3.08076033685176164933e-01
  +3.16554356440638451353e-01
  +3.24982691592770045474e-01
  +3.33359708209738481166e-01
  +3.41684083463504095768e-01
  +3.49954502838709935464e-01
  +3.58169660340258877440e-01
  +3.66328258699545716848e-01
  +3.74429009579310412281e-01
  +3.82470633777081903126e-01
  +3.90451861427178803510e-01
  +3.98371432201235997628e-01
  +4.06228095507224884475e-01
  +4.14020610686937018396e-01
  +4.21747747211897394681e-01
  +4.29408284877679791158e-01
  +4.37001013996591469724e-01
  +4.44524735588695929511e-01
  +4.51978261571146899822e-01
  +4.59360414945798989361e-01
  +4.66670029985070733414e-01
  +4.73905952416025622043e-01
  +4.81067039602645296625e-01
  +4.88152160726265160751e-01
  +4.95160196964143706211e-01
  +5.02090041666136910337e-01
  +5.08940600529453002210e-01
  +5.15710791771452958798e-01
  +5.22399546300478245797e-01
  +5.29005807884672218933e-01
  +5.35528533318771704508e-01
  +5.41966692588840337486e-01
  +5.48319269034920897532e-01
  +5.54585259511575778824e-01
  +5.60763674546297830048e-01
  +5.66853538495757147686e-01
  +5.72853889699867724339e-01
  +5.78763780633644420170e-01
  +5.84582278056827830959e-01
  +5.90308463161254182161e-01
  +5.95941431715944935910e-01
  +6.01480294209896571012e-01
  +6.06924175992543113445e-01
  +6.12272217411874986048e-01
  +6.17523573950186754900e-01
  +6.22677416357437452099e-01
  +6.27732930782197828812e-01
  +6.32689318900166774995e-01
  +6.37545798040236588733e-01
  +6.42301601308085445829e-01
  +6.46955977707279306088e-01
  +6.51508192257861384888e-01
  +6.55957526112416311470e-01
  +6.60303276669582217551e-01
  +6.64544757685001319381e-01
  +6.68681299379684457307e-01
  +6.72712248545777824482e-01
  +6.76636968649711567636e-01
  +6.80454839932715827011e-01
  +6.84165259508687895185e-01
  +6.87767641459395173698e-01
  +6.91261416926997496191e-01
  +6.94646034203877271729e-01
  +6.97920958819760239855e-01
  +7.01085673626113736745e-01
  +7.04139678877811592272e-01
  +7.07082492312049004646e-01
  +7.09913649224497067536e-01
  +7.12632702542685847469e-01
  +7.15239222896601245516e-01
  +7.17732798686487982742e-01
  +7.20113036147846496959e-01
  +7.22379559413611427310e-01
  +7.24532010573506912721e-01
  +7.26570049730563827239e-01
  +7.28493355054793401138e-01
  +7.30301622834008568041e-01
  +7.31994567521782713015e-01
  +7.33571921782541491730e-01
  +7.35033436533777728705e-01
  +7.36378880985384842717e-01
  +7.37608042676100472690e-01
  +7.38720727507057639549e-01
  +7.39716759772434118148e-01
  +7.40595982187199131097e-01
  +7.41358255911950592143e-01
  +7.42003460574838347164e-01
  +7.42531494290573634842e-01
  +7.42942273676517106473e-01
  +7.43235733865845737967e-01
  +7.43411828517797412808e-01
  +7.43470529824986625655e-01
  +7.43411828517797412808e-01
  +7.43235733865845737967e-01
  +7.42942273676517106473e-01
  +7.42531494290573634842e-01
  +7.42003460574838347164e-01
  +7.41358255911950481121e-01
  +7.40595982187199131097e-01
  +7.39716759772434118148e-01
  +7.38720727507057528527e-01
  +7.37608042676100472690e-01
  +7.36378880985384842717e-01
  +7.35033436533777839728e-01
  +7.33571921782541491730e-01
  +7.31994567521782824038e-01
  +7.30301622834008457019e-01
  +7.28493355054793512160e-01
  +7.26570049730563827239e-01
  +7.24532010573507134765e-01
  +7.22379559413611538332e-01
  +7.20113036147846496959e-01
  +7.17732798686488204787e-01
  +7.15239222896601134494e-01
  +7.12632702542685958491e-01
  +7.09913649224497067536e-01
  +7.07082492312049115668e-01
  +7.04139678877811814317e-01
  +7.01085673626113847767e-01
  +6.97920958819760239855e-01
  +6.94646034203877382751e-01
  +6.91261416926997607213e-01
  +6.87767641459395062675e-01
  +6.84165259508688006207e-01
  +6.80454839932715827011e-01
  +6.76636968649711567636e-01
  +6.72712248545777824482e-01
  +6.68681299379684679351e-01
  +6.64544757685001541425e-01
  +6.60303276669582217551e-01
  +6.55957526112416422492e-01
  +6.51508192257861606933e-01
  +6.46955977707279306088e-01
  +6.42301601308085667874e-01
  +6.37545798040236810778e-01
  +6.32689318900166886017e-01
  +6.27732930782197939834e-01
  +6.22677416357437674144e-01
  +6.17523573950186754900e-01
  +6.12272217411874986048e-01
  +6.06924175992543113445e-01
  +6.01480294209896571012e-01
  +5.95941431715944935910e-01
  +5.90308463161254293183e-01
  +5.84582278056827941981e-01
  +5.78763780633644531193e-01
  +5.72853889699867724339e-01
  +5.66853538495757258708e-01
  +5.60763674546297941070e-01
  +5.54585259511575889846e-01
  +5.48319269034921119577e-01
  +5.41966692588840670552e-01
  +5.35528533318771926552e-01
  +5.29005807884672440977e-01
  +5.22399546300478245797e-01
  +5.15710791771452958798e-01
  +5.08940600529453113232e-01
  +5.02090041666137132381e-01
  +4.95160196964143706211e-01
  +4.88152160726265216262e-01
  +4.81067039602645574181e-01
  +4.73905952416025788576e-01
  +4.66670029985071066481e-01
  +4.59360414945798989361e-01
  +4.51978261571147066356e-01
  +4.44524735588696207067e-01
  +4.37001013996591858302e-01
  +4.29408284877679902181e-01
  +4.21747747211897339170e-01
  +4.14020610686937240441e-01
  +4.06228095507225328564e-01
  +3.98371432201236219672e-01
  +3.90451861427178747999e-01
  +3.82470633777082069660e-01
  +3.74429009579310523304e-01
  +3.66328258699546105426e-01
  +3.58169660340258877440e-01
  +3.49954502838710101997e-01
  +3.41684083463504262301e-01
  +3.33359708209738814233e-01
  +3.24982691592770378541e-01
  +3.16554356440638617887e-01
  +3.08076033685176275956e-01
  +2.99549062151839184942e-01
  +2.90974788348289326034e-01
  +2.82354566251767857832e-01
  +2.73689757095285535193e-01
  +2.64981729152666323213e-01
  +2.56231857522483952305e-01
  +2.47441523910915145423e-01
  +2.38612116413555952477e-01
  +2.29745029296220371062e-01
  +2.20841662774774238898e-01
  +2.11903422794021190079e-01
  +2.02931720805690524179e-01
  +1.93927973545550969003e-01
  +1.84893602809692275679e-01
  +1.75830035230006065383e-01
  +1.66738702048905451658e-01
  +1.57621038893315662532e-01
  +1.48478485547968913627e-01
  +1.39312485728049356704e-01
  +1.30124486851210918736e-01
  +1.20915939809013953110e-01
  +1.11688298737814620254e-01
  +1.02443020789137140270e-01
  +9.31815658995730766723e-02
  +8.39053965602419432601e-02
  +7.46159775858455248665e-02
  +6.53147758833573510717e-02
  +5.60032602203796789353e-02
  +4.66829009932099650571e-02
  +3.73551699946469695224e-02
  +2.80215401815780973394e-02
  +1.86834854423811903834e-02
  +9.34248036418265995207e-03
  +9.10488807954251399629e-17
  -9.34248036418214820864e-03
  -1.86834854423806803747e-02
  -2.80215401815775803918e-02
  -3.73551699946467891111e-02
  -4.66829009932097915847e-02
  -5.60032602203791723960e-02
  -6.53147758833568375936e-02
  -7.46159775858449975106e-02
  -8.39053965602417628489e-02
  -9.31815658995725631941e-02
  -1.02443020789136612914e-01
  -1.11688298737814106776e-01
  -1.20915939809013758821e-01
  -1.30124486851210419136e-01
  -1.39312485728048857103e-01
  -1.48478485547968414027e-01
  -1.57621038893315162932e-01
  -1.66738702048905618192e-01
  -1.75830035230005565783e-01
  -1.84893602809691776079e-01
  -1.93927973545550469403e-01
  -2.02931720805690357645e-01
  -2.11903422794020690478e-01
  -2.20841662774773767053e-01
  -2.29745029296219926973e-01
  -2.38612116413555785943e-01
  -2.47441523910914978890e-01
  -2.56231857522483452705e-01
  -2.64981729152665823612e-01
  -2.73689757095285035593e-01
  -2.82354566251767968854e-01
  -2.90974788348288826434e-01
  -2.99549062151838685342e-01
  -3.08076033685175776355e-01
  -3.16554356440638506864e-01
  -3.24982691592769934452e-01
  -3.33359708209738370144e-01
  -3.41684083463503818212e-01
  -3.49954502838709657908e-01
  -3.58169660340258710907e-01
  -3.66328258699545605825e-01
  -3.74429009579310134725e-01
  -3.82470633777081681082e-01
  -3.90451861427178914532e-01
  -3.98371432201235831094e-01
  -4.06228095507224551408e-01
  -4.14020610686936740841e-01
  -4.21747747211897394681e-01
  -4.29408284877679735647e-01
  -4.37001013996591469724e-01
  -4.44524735588695762978e-01
  -4.51978261571146622266e-01
  -4.59360414945798822828e-01
  -4.66670029985070733414e-01
  -4.73905952416025399998e-01
  -4.81067039602645130092e-01
  -4.88152160726265049728e-01
  -4.95160196964143539677e-01
  -5.02090041666136799314e-01
  -5.08940600529452780165e-01
  -5.15710791771452625731e-01
  -5.22399546300478134775e-01
  -5.29005807884672218933e-01
  -5.35528533318771593486e-01
  -5.41966692588840337486e-01
  -5.48319269034920564465e-01
  -5.54585259511575778824e-01
  -5.60763674546297608003e-01
  -5.66853538495756703597e-01
  -5.72853889699867391272e-01
  -5.78763780633644198126e-01
  -5.84582278056827719936e-01
  -5.90308463161253960116e-01
  -5.95941431715944935910e-01
  -6.01480294209896571012e-01
  -6.06924175992543113445e-01
  -6.12272217411874541959e-01
  -6.17523573950186421833e-01
  -6.22677416357437674144e-01
  -6.27732930782197717789e-01
  -6.32689318900166663973e-01
  -6.37545798040236588733e-01
  -6.42301601308085445829e-01
  -6.46955977707279195066e-01
  -6.51508192257861495911e-01
  -6.55957526112415978403e-01
  -6.60303276669581995506e-01
  -6.64544757685001319381e-01
  -6.68681299379684346285e-01
  -6.72712248545777713460e-01
  -6.76636968649711456614e-01
  -6.80454839932715493944e-01
  -6.84165259508688006207e-01
  -6.87767641459395062675e-01
  -6.91261416926997385168e-01
  -6.94646034203877160706e-01
  -6.97920958819760017811e-01
  -7.01085673626113625723e-01
  -7.04139678877811592272e-01
  -7.07082492312049004646e-01
  -7.09913649224497067536e-01
  -7.12632702542685958491e-01
  -7.15239222896601134494e-01
  -7.17732798686487871720e-01
  -7.20113036147846385937e-01
  -7.22379559413611427310e-01
  -7.24532010573506912721e-01
  -7.26570049730563827239e-01
  -7.28493355054793401138e-01
  -7.30301622834008568041e-01
  -7.31994567521782824038e-01
  -7.33571921782541491730e-01
  -7.35033436533777728705e-01
  -7.36378880985384842717e-01
  -7.37608042676100472690e-01
  -7.38720727507057639549e-01
  -7.39716759772434229170e-01
  -7.40595982187199131097e-01
  -7.41358255911950481121e-01
  -7.42003460574838347164e-01
  -7.42531494290573634842e-01
  -7.42942273676517106473e-01
  -7.43235733865845737967e-01
  -7.43411828517797412808e-01
  -7.43470529824986625655e-01
  -7.43411828517797412808e-01
  -7.43235733865845848989e-01
  -7.42942273676517106473e-01
  -7.42531494290573634842e-01
  -7.42003460574838347164e-01
  -7.41358255911950592143e-01
  -7.40595982187199131097e-01
  -7.39716759772434118148e-01
  -7.38720727507057528527e-01
  -7.37608042676100472690e-01
  -7.36378880985384731694e-01
  -7.35033436533777839728e-01
  -7.33571921782541602752e-01
  -7.31994567521782824038e-01
  -7.30301622834008457019e-01
  -7.28493355054793734205e-01
  -7.26570049730564049284e-01
  -7.24532010573506912721e-01
  -7.22379559413611538332e-01
  -7.20113036147846496959e-01
  -7.17732798686488204787e-01
  -7.15239222896601356538e-01
  -7.12632702542686069513e-01
  -7.09913649224497178558e-01
  -7.07082492312049226690e-01
  -7.04139678877811814317e-01
  -7.01085673626113847767e-01
  -6.97920958819760128833e-01
  -6.94646034203877271729e-01
  -6.91261416926997718235e-01
  -6.87767641459395284720e-01
  -6.84165259508688117229e-01
  -6.80454839932716049056e-01
  -6.76636968649711900703e-01
  -6.72712248545778157549e-01
  -6.68681299379684457307e-01
  -6.64544757685001208358e-01
  -6.60303276669582439595e-01
  -6.55957526112416311470e-01
  -6.51508192257861717955e-01
  -6.46955977707279417110e-01
  -6.42301601308085889919e-01
  -6.37545798040236921800e-01
  -6.32689318900167108062e-01
  -6.27732930782197939834e-01
  -6.22677416357437341077e-01
  -6.17523573950186976944e-01
  -6.12272217411875097071e-01
  -6.06924175992543224467e-01
  -6.01480294209896682034e-01
  -5.95941431715945491021e-01
  -5.90308463161254626250e-01
  -5.84582278056828275048e-01
  -5.78763780633644531193e-01
  -5.72853889699868057406e-01
  -5.66853538495757258708e-01
  -5.60763674546298052093e-01
  -5.54585259511576000868e-01
  -5.48319269034921341621e-01
  -5.41966692588840892597e-01
  -5.35528533318772259619e-01
  -5.29005807884672218933e-01
  -5.22399546300478134775e-01
  -5.15710791771453291865e-01
  -5.08940600529453224254e-01
  -5.02090041666137243404e-01
  -4.95160196964143761722e-01
  -4.88152160726265826884e-01
  -4.81067039602645907248e-01
  -4.73905952416026121643e-01
  -4.66670029985070566880e-01
  -4.59360414945799322428e-01
  -4.51978261571147121867e-01
  -4.44524735588696262578e-01
  -4.37001013996591691768e-01
  -4.29408284877680457292e-01
  -4.21747747211897894282e-01
  -4.14020610686937573508e-01
  -4.06228095507225384075e-01
  -3.98371432201235720072e-01
  -3.90451861427179136577e-01
  -3.82470633777082180682e-01
  -3.74429009579310578815e-01
  -3.66328258699545827870e-01
  -3.58169660340259543574e-01
  -3.49954502838710490575e-01
  -3.41684083463504595368e-01
  -3.33359708209738925255e-01
  -3.24982691592769823430e-01
  -3.16554356440638784420e-01
  -3.08076033685176386978e-01
  -2.99549062151838907386e-01
  -2.90974788348289103990e-01
  -2.82354566251768523966e-01
  -2.73689757095285923771e-01
  -2.64981729152666656280e-01
  -2.56231857522484618439e-01
  -2.47441523910915561757e-01
  -2.38612116413556035743e-01
  -2.29745029296220482085e-01
  -2.20841662774773989097e-01
  -2.11903422794021606412e-01
  -2.02931720805690940512e-01
  -1.93927973545551385337e-01
  -1.84893602809692331190e-01
  -1.75830035230006787028e-01
  -1.66738702048905867992e-01
  -1.57621038893315745799e-01
  -1.48478485547969024649e-01
  -1.39312485728049106903e-01
  -1.30124486851211002003e-01
  -1.20915939809014355566e-01
  -1.11688298737815022710e-01
  -1.02443020789137237414e-01
  -9.31815658995731599390e-02
  -8.39053965602420404046e-02
  -7.46159775858455942554e-02
  -6.53147758833571151493e-02
  -5.60032602203800883300e-02
  -4.66829009932103883296e-02
  -3.73551699946473858560e-02
  -2.80215401815781840755e-02
  -1.86834854423819397840e-02
  -9.34248036418242229495e-03
  -1.82097761590850279926e-16
</dep>
<dep V_o.Vt time>
  +0.00000000000000000000e+00
  +9.97989597829277222396e-03
  +1.99582160152853328727e-02
  +2.99333844185369173097e-02
  +3.99038259932863459412e-02
  +4.98679662911936175118e-02
  +5.98242318589636348780e-02
  +6.97710504868125774847e-02
  +7.97068514567384062142e-02
  +8.96300657905552272675e-02
  +9.95391264976533129971e-02
  +1.09432468822445103096e-01
  +1.19308530491458272826e-01
  +1.29165751960036878643e-01
  +1.39002576658611737281e-01
  +1.48817451238500403354e-01
  +1.58608825817199677877e-01
  +1.68375154223129347431e-01
  +1.78114894239791016206e-01
  +1.87826507849302160036e-01
  +1.97508461475266461349e-01
  +2.07159226224944092998e-01
  +2.16777278130680900459e-01
  +2.26361098390561010785e-01
  +2.35909173608243510900e-01
  +2.45419996031944392945e-01
  +2.54892063792529433019e-01
  +2.64323881140675287504e-01
  +2.73713958683067082323e-01
  +2.83060813617589834834e-01
  +2.92362969967480457179e-01
  +3.01618958814402093882e-01
  +3.10827318530402629815e-01
  +3.19986595008723395672e-01
  +3.29095341893418713575e-01
  +3.38152120807752865073e-01
  +3.47155501581336678463e-01
  +3.56104062475967320101e-01
  +3.64996390410137705462e-01
  +3.73831081182178337485e-01
  +3.82606739691997155273e-01
  +3.91321980161381866026e-01
  +3.99975426352830454313e-01
  +4.08565711786875063183e-01
  +4.17091479957864830208e-01
  +4.25551384548174038702e-01
  +4.33944089640801000662e-01
  +4.42268269930325474970e-01
  +4.50522610932188705135e-01
  +4.58705809190266600162e-01
  +4.66816572482700475888e-01
  +4.74853620025953271355e-01
  +4.82815682677061153161e-01
  +4.90701503134044259014e-01
  +4.98509836134451100875e-01
  +5.06239448651998658057e-01
  +5.13889120091282070035e-01
  +5.21457642480520289219e-01
  +5.28943820662309382996e-01
  +5.36346472482350900002e-01
  +5.43664428976129543436e-01
  +5.50896534553503514076e-01
  +5.58041647181187427940e-01
  +5.65098638563092170450e-01
  +5.72066394318495929916e-01
  +5.78943814158017433513e-01
  +5.85729812057365073485e-01
  +5.92423316428831170377e-01
  +5.99023270290510390090e-01
  +6.05528631433207231716e-01
  +6.11938372585014267457e-01
  +6.18251481573529604319e-01
  +6.24466961485690807976e-01
  +6.30583830825199198600e-01
  +6.36601123667508428383e-01
  +6.42517889812356912671e-01
  +6.48333194933813472538e-01
  +6.54046120727819646490e-01
  +6.59655765057199805490e-01
  +6.65161242094119198320e-01
  +6.70561682459966723613e-01
  +6.75856233362638780804e-01
  +6.81044058731205992352e-01
  +6.86124339347938261291e-01
  +6.91096272977668957260e-01
  +6.95959074494475471440e-01
  +7.00711976005662262601e-01
  +7.05354226973017639502e-01
  +7.09885094331334287610e-01
  +7.14303862604166672767e-01
  +7.18609834016815218760e-01
  +7.22802328606510946507e-01
  +7.26880684329791026954e-01
  +7.30844257167041932988e-01
  +7.34692421224198644047e-01
  +7.38424568831579253292e-01
  +7.42040110639843875084e-01
  +7.45538475713060089234e-01
  +7.48919111618858490687e-01
  +7.52181484515670240043e-01
  +7.55325079237025964751e-01
  +7.58349399372905574879e-01
  +7.61253967348128890436e-01
  +7.64038324497768539523e-01
  +7.66702031139579243124e-01
  +7.69244666643429608754e-01
  +7.71665829497722000063e-01
  +7.73965137372798595017e-01
  +7.76142227181313981710e-01
  +7.78196755135570739093e-01
  +7.80128396801808898786e-01
  +7.81936847151435965309e-01
  +7.83621820609195829377e-01
  +7.85183051098263584677e-01
  +7.86620292082262806410e-01
  +7.87933316604195299604e-01
  +7.89121917322281873908e-01
  +7.90185906542702487521e-01
  +7.91125116249235871280e-01
  +7.91939398129792082592e-01
  +7.92628623599830661739e-01
  +7.93192683822667499172e-01
  +7.93631489726660643846e-01
  +7.93944972019275163611e-01
  +7.94133081198026946623e-01
  +7.94195787558297561226e-01
  +7.94133081198026946623e-01
  +7.93944972019275163611e-01
  +7.93631489726660643846e-01
  +7.93192683822667499172e-01
  +7.92628623599830661739e-01
  +7.91939398129791971570e-01
  +7.91125116249235871280e-01
  +7.90185906542702487521e-01
  +7.89121917322281762885e-01
  +7.87933316604195299604e-01
  +7.86620292082262806410e-01
  +7.85183051098263695700e-01
  +7.83621820609195829377e-01
  +7.81936847151436076331e-01
  +7.80128396801808787764e-01
  +7.78196755135570850115e-01
  +7.76142227181313981710e-01
  +7.73965137372798817061e-01
  +7.71665829497722111086e-01
  +7.69244666643429608754e-01
  +7.66702031139579465169e-01
  +7.64038324497768317478e-01
  +7.61253967348129001458e-01
  +7.58349399372905574879e-01
  +7.55325079237026075774e-01
  +7.52181484515670573110e-01
  +7.48919111618858601709e-01
  +7.45538475713060089234e-01
  +7.42040110639843986107e-01
  +7.38424568831579364314e-01
  +7.34692421224198533025e-01
  +7.30844257167042044010e-01
  +7.26880684329791026954e-01
  +7.22802328606510946507e-01
  +7.18609834016815218760e-01
  +7.14303862604167005834e-01
  +7.09885094331334509654e-01
  +7.05354226973017639502e-01
  +7.00711976005662373623e-01
  +6.95959074494475693484e-01
  +6.91096272977668957260e-01
  +6.86124339347938483336e-01
  +6.81044058731206214397e-01
  +6.75856233362638891826e-01
  +6.70561682459966834635e-01
  +6.65161242094119531387e-01
  +6.59655765057199805490e-01
  +6.54046120727819646490e-01
  +6.48333194933813472538e-01
  +6.42517889812356912671e-01
  +6.36601123667508428383e-01
  +6.30583830825199309622e-01
  +6.24466961485691030020e-01
  +6.18251481573529715341e-01
  +6.11938372585014267457e-01
  +6.05528631433207342738e-01
  +5.99023270290510501113e-01
  +5.92423316428831281399e-01
  +5.85729812057365295530e-01
  +5.78943814158017766580e-01
  +5.72066394318496262983e-01
  +5.65098638563092392495e-01
  +5.58041647181187427940e-01
  +5.50896534553503514076e-01
  +5.43664428976129654458e-01
  +5.36346472482351233069e-01
  +5.28943820662309382996e-01
  +5.21457642480520289219e-01
  +5.13889120091282292080e-01
  +5.06239448651998880102e-01
  +4.98509836134451433942e-01
  +4.90701503134044259014e-01
  +4.82815682677061319694e-01
  +4.74853620025953604422e-01
  +4.66816572482700919977e-01
  +4.58705809190266711184e-01
  +4.50522610932188649624e-01
  +4.42268269930325697015e-01
  +4.33944089640801500263e-01
  +4.25551384548174260747e-01
  +4.17091479957864774697e-01
  +4.08565711786875229716e-01
  +3.99975426352830620846e-01
  +3.91321980161382310115e-01
  +3.82606739691997155273e-01
  +3.73831081182178559530e-01
  +3.64996390410137871996e-01
  +3.56104062475967653167e-01
  +3.47155501581337011530e-01
  +3.38152120807753031606e-01
  +3.29095341893418824597e-01
  +3.19986595008723895273e-01
  +3.10827318530403018393e-01
  +3.01618958814402038371e-01
  +2.92362969967480623712e-01
  +2.83060813617589890345e-01
  +2.73713958683067415389e-01
  +2.64323881140675231993e-01
  +2.54892063792529599553e-01
  +2.45419996031944503967e-01
  +2.35909173608243843967e-01
  +2.26361098390561343852e-01
  +2.16777278130681094748e-01
  +2.07159226224944231776e-01
  +1.97508461475266877683e-01
  +1.87826507849302437592e-01
  +1.78114894239790905184e-01
  +1.68375154223129458453e-01
  +1.58608825817199705632e-01
  +1.48817451238500736421e-01
  +1.39002576658612292393e-01
  +1.29165751960037045176e-01
  +1.19308530491458328338e-01
  +1.09432468822445422285e-01
  +9.95391264976535489195e-02
  +8.96300657905553938010e-02
  +7.97068514567384894809e-02
  +6.97710504868129244294e-02
  +5.98242318589638777393e-02
  +4.98679662911937909842e-02
  +3.99038259932864361468e-02
  +2.99333844185372642543e-02
  +1.99582160152856000201e-02
  +9.97989597829330825352e-03
  +9.72609332701407739331e-17
  -9.97989597829276181562e-03
  -1.99582160152850553170e-02
  -2.99333844185367126123e-02
  -3.99038259932862418577e-02
  -4.98679662911936105729e-02
  -5.98242318589633365056e-02
  -6.97710504868123693178e-02
  -7.97068514567379204916e-02
  -8.96300657905551995119e-02
  -9.95391264976529938080e-02
  -1.09432468822444853296e-01
  -1.19308530491457787104e-01
  -1.29165751960036850887e-01
  -1.39002576658611765037e-01
  -1.48817451238500209065e-01
  -1.58608825817199178276e-01
  -1.68375154223128931097e-01
  -1.78114894239791071717e-01
  -1.87826507849301882480e-01
  -1.97508461475266350327e-01
  -2.07159226224943704420e-01
  -2.16777278130680900459e-01
  -2.26361098390560816496e-01
  -2.35909173608243344367e-01
  -2.45419996031944032122e-01
  -2.54892063792529433019e-01
  -2.64323881140675009949e-01
  -2.73713958683066915789e-01
  -2.83060813617589335234e-01
  -2.92362969967480068600e-01
  -3.01618958814402149393e-01
  -3.10827318530402463281e-01
  -3.19986595008723340161e-01
  -3.29095341893418269485e-01
  -3.38152120807752920584e-01
  -3.47155501581336567440e-01
  -3.56104062475967153567e-01
  -3.64996390410137372395e-01
  -3.73831081182178059930e-01
  -3.82606739691996988739e-01
  -3.91321980161381755003e-01
  -3.99975426352830176757e-01
  -4.08565711786874841138e-01
  -4.17091479957864941230e-01
  -4.25551384548173872169e-01
  -4.33944089640800667595e-01
  -4.42268269930325197414e-01
  -4.50522610932188705135e-01
  -4.58705809190266544650e-01
  -4.66816572482700475888e-01
  -4.74853620025953104822e-01
  -4.82815682677060820094e-01
  -4.90701503134044092480e-01
  -4.98509836134451100875e-01
  -5.06239448651998436013e-01
  -5.13889120091281847991e-01
  -5.21457642480520178196e-01
  -5.28943820662309271974e-01
  -5.36346472482350788979e-01
  -5.43664428976129321391e-01
  -5.50896534553503181009e-01
  -5.58041647181187316917e-01
  -5.65098638563092170450e-01
  -5.72066394318495818894e-01
  -5.78943814158017433513e-01
  -5.85729812057364740419e-01
  -5.92423316428831170377e-01
  -5.99023270290510057023e-01
  -6.05528631433206787626e-01
  -6.11938372585013823368e-01
  -6.18251481573529382274e-01
  -6.24466961485690696954e-01
  -6.30583830825198976555e-01
  -6.36601123667508428383e-01
  -6.42517889812356912671e-01
  -6.48333194933813472538e-01
  -6.54046120727819202401e-01
  -6.59655765057199361401e-01
  -6.65161242094119531387e-01
  -6.70561682459966612591e-01
  -6.75856233362638669782e-01
  -6.81044058731205992352e-01
  -6.86124339347938261291e-01
  -6.91096272977668846238e-01
  -6.95959074494475582462e-01
  -7.00711976005661929534e-01
  -7.05354226973017417457e-01
  -7.09885094331334287610e-01
  -7.14303862604166561745e-01
  -7.18609834016814996716e-01
  -7.22802328606510835485e-01
  -7.26880684329790693887e-01
  -7.30844257167042044010e-01
  -7.34692421224198533025e-01
  -7.38424568831579142270e-01
  -7.42040110639843764062e-01
  -7.45538475713059867189e-01
  -7.48919111618858379664e-01
  -7.52181484515670240043e-01
  -7.55325079237025964751e-01
  -7.58349399372905574879e-01
  -7.61253967348129001458e-01
  -7.64038324497768317478e-01
  -7.66702031139579132102e-01
  -7.69244666643429386710e-01
  -7.71665829497722000063e-01
  -7.73965137372798595017e-01
  -7.76142227181313981710e-01
  -7.78196755135570739093e-01
  -7.80128396801808898786e-01
  -7.81936847151436076331e-01
  -7.83621820609195829377e-01
  -7.85183051098263584677e-01
  -7.86620292082262806410e-01
  -7.87933316604195299604e-01
  -7.89121917322281873908e-01
  -7.90185906542702598543e-01
  -7.91125116249235871280e-01
  -7.91939398129791971570e-01
  -7.92628623599830661739e-01
  -7.93192683822667499172e-01
  -7.93631489726660643846e-01
  -7.93944972019275163611e-01
  -7.94133081198026946623e-01
  -7.94195787558297561226e-01
  -7.94133081198026946623e-01
  -7.93944972019275274633e-01
  -7.93631489726660643846e-01
  -7.93192683822667499172e-01
  -7.92628623599830661739e-01
  -7.91939398129792082592e-01
  -7.91125116249235871280e-01
  -7.90185906542702487521e-01
  -7.89121917322281762885e-01
  -7.87933316604195299604e-01
  -7.86620292082262584366e-01
  -7.85183051098263695700e-01
  -7.83621820609195940399e-01
  -7.81936847151436076331e-01
  -7.80128396801808787764e-01
  -7.78196755135571072159e-01
  -7.76142227181314203754e-01
  -7.73965137372798595017e-01
  -7.71665829497722111086e-01
  -7.69244666643429608754e-01
  -7.66702031139579465169e-01
  -7.64038324497768650545e-01
  -7.61253967348129112480e-01
  -7.58349399372905685901e-01
  -7.55325079237026186796e-01
  -7.52181484515670573110e-01
  -7.48919111618858601709e-01
  -7.45538475713059978212e-01
  -7.42040110639843875084e-01
  -7.38424568831579475336e-01
  -7.34692421224198755070e-01
  -7.30844257167042155032e-01
  -7.26880684329791248999e-01
  -7.22802328606511390596e-01
  -7.18609834016815551827e-01
  -7.14303862604166672767e-01
  -7.09885094331334065565e-01
  -7.05354226973017972568e-01
  -7.00711976005662262601e-01
  -6.95959074494475804507e-01
  -6.91096272977669068283e-01
  -6.86124339347938816402e-01
  -6.81044058731206436441e-01
  -6.75856233362639113871e-01
  -6.70561682459966834635e-01
  -6.65161242094119087298e-01
  -6.59655765057200027535e-01
  -6.54046120727819868534e-01
  -6.48333194933813583560e-01
  -6.42517889812357023693e-01
  -6.36601123667508983495e-01
  -6.30583830825199642689e-01
  -6.24466961485691363087e-01
  -6.18251481573529715341e-01
  -6.11938372585014600524e-01
  -6.05528631433207342738e-01
  -5.99023270290510612135e-01
  -5.92423316428831392422e-01
  -5.85729812057365628597e-01
  -5.78943814158018099647e-01
  -5.72066394318496596050e-01
  -5.65098638563092170450e-01
  -5.58041647181187316917e-01
  -5.50896534553503847143e-01
  -5.43664428976129765481e-01
  -5.36346472482351344091e-01
  -5.28943820662309494018e-01
  -5.21457642480520955353e-01
  -5.13889120091282736169e-01
  -5.06239448651999213169e-01
  -4.98509836134450934342e-01
  -4.90701503134044592080e-01
  -4.82815682677061375205e-01
  -4.74853620025953659933e-01
  -4.66816572482700697933e-01
  -4.58705809190267321807e-01
  -4.50522610932189260247e-01
  -4.42268269930326085593e-01
  -4.33944089640801555774e-01
  -4.25551384548173761146e-01
  -4.17091479957865163275e-01
  -4.08565711786875340739e-01
  -3.99975426352830676358e-01
  -3.91321980161382032559e-01
  -3.82606739691997876918e-01
  -3.73831081182178948108e-01
  -3.64996390410138205063e-01
  -3.56104062475967764190e-01
  -3.47155501581336400907e-01
  -3.38152120807753253651e-01
  -3.29095341893418935619e-01
  -3.19986595008723562206e-01
  -3.10827318530402740837e-01
  -3.01618958814402760016e-01
  -2.92362969967481012290e-01
  -2.83060813617590223412e-01
  -2.73713958683068137034e-01
  -2.64323881140675676082e-01
  -2.54892063792529655064e-01
  -2.45419996031944614989e-01
  -2.35909173608243566411e-01
  -2.26361098390561787941e-01
  -2.16777278130681538837e-01
  -2.07159226224944675865e-01
  -1.97508461475266933194e-01
  -1.87826507849303186992e-01
  -1.78114894239791349273e-01
  -1.68375154223129541720e-01
  -1.58608825817199816655e-01
  -1.48817451238500458865e-01
  -1.39002576658612375660e-01
  -1.29165751960037489265e-01
  -1.19308530491458758549e-01
  -1.09432468822445519430e-01
  -9.95391264976536321862e-02
  -8.96300657905554909455e-02
  -7.97068514567385588698e-02
  -6.97710504868126746292e-02
  -5.98242318589643148896e-02
  -4.98679662911942420123e-02
  -3.99038259932868802360e-02
  -2.99333844185373579294e-02
  -1.99582160152864014624e-02
  -9.97989597829305324916e-03
  -1.94521866540281547866e-16
</dep>
<dep _net0.Vt time>
  +0.00000000000000000000e+00
  +6.28300996177669126425e-03
  +1.25650277634236622742e-02
  +1.88450614014848104316e-02
  +2.51221191858265191499e-02
  +3.13952098962370640400e-02
  +3.76633429389518423203e-02
  +4.39255285030795278312e-02
  +5.01807777169048646604e-02
  +5.64281028040428886405e-02
  +6.26665172394203634498e-02
  +6.88950359050595345645e-02
  +7.51126752456396651336e-02
  +8.13184534238119427485e-02
  +8.75113904752429644374e-02
  +9.36905084633623680412e-02
  +9.98548316337906916029e-02
  +1.06003386568421953395e-01
  +1.12135202339137915462e-01
  +1.18249310661128939626e-01
  +1.24344746045797135969e-01
  +1.30420545953218697255e-01
  +1.36475750944139578857e-01
  +1.42509404831482472398e-01
  +1.48520554831339968160e-01
  +1.54508251713429523022e-01
  +1.60471549950988917610e-01
  +1.66409507870085016101e-01
  +1.72321187798315678119e-01
  +1.78205656212878649214e-01
  +1.84061983887985863850e-01
  +1.89889246041599124570e-01
  +1.95686522481463565093e-01
  +2.01452897750417109224e-01
  +2.07187461270951223113e-01
  +2.12889307489002199691e-01
  +2.18557536016948494861e-01
  +2.24191251775792271816e-01
  +2.29789565136502810239e-01
  +2.35351592060499242853e-01
  +2.40876454239250525902e-01
  +2.46363279232970661115e-01
  +2.51811200608386742683e-01
  +2.57219358075559068055e-01
  +2.62586897623730886053e-01
  +2.67912971656186493785e-01
  +2.73196739124096477092e-01
  +2.78437365659329583156e-01
  +2.83634023706208382443e-01
  +2.88785892652190401275e-01
  +2.93892158957452243051e-01
  +2.98952016283356825088e-01
  +3.03964665619783913630e-01
  +3.08929315411302418681e-01
  +3.13845181682166907144e-01
  +3.18711488160116129809e-01
  +3.23527466398955243498e-01
  +3.28292355899902521532e-01
  +3.33005404231681123584e-01
  +3.37665867149335885422e-01
  +3.42273008711759751943e-01
  +3.46826101397905650625e-01
  +3.51324426221671370918e-01
  +3.55767272845435966744e-01
  +3.60153939692229918546e-01
  +3.64483734056522068467e-01
  +3.68755972213606619814e-01
  +3.72969979527569717170e-01
  +3.77125090557824227400e-01
  +3.81220649164188740698e-01
  +3.85256008610500633171e-01
  +3.89230531666742873842e-01
  +3.93143590709670143202e-01
  +3.96994567821917720973e-01
  +4.00782854889577544455e-01
  +4.04507853698227004546e-01
  +4.08168976027393048955e-01
  +4.11765643743439990754e-01
  +4.15297288890862537070e-01
  +4.18763353781973268752e-01
  +4.22163291084967640110e-01
  +4.25496563910353620130e-01
  +4.28762645895733318646e-01
  +4.31961021288921609429e-01
  +4.35091185029389149186e-01
  +4.38152642828016913867e-01
  +4.41144911245151150059e-01
  +4.44067517766942865265e-01
  +4.46920000879964418594e-01
  +4.49701910144086669519e-01
  +4.52412806263609523771e-01
  +4.55052261156631387973e-01
  +4.57619858022648096085e-01
  +4.60115191408370927117e-01
  +4.62537867271752278775e-01
  +4.64887503044208949543e-01
  +4.67163727691034702527e-01
  +4.69366181769990842287e-01
  +4.71494517488065645328e-01
  +4.73548398756395760856e-01
  +4.75527501243338202030e-01
  +4.77431512425685655732e-01
  +4.79260131638018116451e-01
  +4.81013070120180796785e-01
  +4.82690051062883040967e-01
  +4.84290809651410025793e-01
  +4.85815093107439144315e-01
  +4.87262660728957519574e-01
  +4.88633283928271100471e-01
  +4.89926746268101287463e-01
  +4.91142843495763259387e-01
  +4.92281383575419395626e-01
  +4.93342186718404240864e-01
  +4.94325085411614906228e-01
  +4.95229924443963742675e-01
  +4.96056560930887346927e-01
  +4.96804864336910512179e-01
  +4.97474716496258240195e-01
  +4.98066011631516425417e-01
  +4.98578656370335049353e-01
  +4.99012569760172108868e-01
  +4.99367683281078000856e-01
  +4.99643940856514812143e-01
  +4.99841298862211624865e-01
  +4.99959726133053949937e-01
  +4.99999203968003791410e-01
  +4.99959726133053949937e-01
  +4.99841298862211624865e-01
  +4.99643940856514812143e-01
  +4.99367683281078000856e-01
  +4.99012569760172108868e-01
  +4.98578656370334938330e-01
  +4.98066011631516425417e-01
  +4.97474716496258240195e-01
  +4.96804864336910401157e-01
  +4.96056560930887346927e-01
  +4.95229924443963742675e-01
  +4.94325085411614961739e-01
  +4.93342186718404240864e-01
  +4.92281383575419506649e-01
  +4.91142843495763203876e-01
  +4.89926746268101342974e-01
  +4.88633283928271100471e-01
  +4.87262660728957686107e-01
  +4.85815093107439255338e-01
  +4.84290809651410025793e-01
  +4.82690051062883207500e-01
  +4.81013070120180685763e-01
  +4.79260131638018171962e-01
  +4.77431512425685655732e-01
  +4.75527501243338313053e-01
  +4.73548398756395927389e-01
  +4.71494517488065700839e-01
  +4.69366181769990842287e-01
  +4.67163727691034813549e-01
  +4.64887503044209060565e-01
  +4.62537867271752223264e-01
  +4.60115191408371038140e-01
  +4.57619858022648096085e-01
  +4.55052261156631387973e-01
  +4.52412806263609523771e-01
  +4.49701910144086836052e-01
  +4.46920000879964529616e-01
  +4.44067517766942865265e-01
  +4.41144911245151205570e-01
  +4.38152642828017024890e-01
  +4.35091185029389149186e-01
  +4.31961021288921720451e-01
  +4.28762645895733485180e-01
  +4.25496563910353675642e-01
  +4.22163291084967695621e-01
  +4.18763353781973435286e-01
  +4.15297288890862537070e-01
  +4.11765643743439990754e-01
  +4.08168976027393048955e-01
  +4.04507853698227004546e-01
  +4.00782854889577544455e-01
  +3.96994567821917831996e-01
  +3.93143590709670198713e-01
  +3.89230531666742984864e-01
  +3.85256008610500633171e-01
  +3.81220649164188851721e-01
  +3.77125090557824338422e-01
  +3.72969979527569828193e-01
  +3.68755972213606730836e-01
  +3.64483734056522290512e-01
  +3.60153939692230029568e-01
  +3.55767272845436077766e-01
  +3.51324426221671370918e-01
  +3.46826101397905650625e-01
  +3.42273008711759862965e-01
  +3.37665867149336051956e-01
  +3.33005404231681123584e-01
  +3.28292355899902577043e-01
  +3.23527466398955410032e-01
  +3.18711488160116240831e-01
  +3.13845181682167129189e-01
  +3.08929315411302418681e-01
  +3.03964665619784024653e-01
  +2.98952016283356991622e-01
  +2.93892158957452520607e-01
  +2.88785892652190456786e-01
  +2.83634023706208382443e-01
  +2.78437365659329749690e-01
  +2.73196739124096754647e-01
  +2.67912971656186604807e-01
  +2.62586897623730830542e-01
  +2.57219358075559179078e-01
  +2.51811200608386798194e-01
  +2.46363279232970910915e-01
  +2.40876454239250525902e-01
  +2.35351592060499353876e-01
  +2.29789565136502921261e-01
  +2.24191251775792493861e-01
  +2.18557536016948716906e-01
  +2.12889307489002310714e-01
  +2.07187461270951306380e-01
  +2.01452897750417386780e-01
  +1.95686522481463787138e-01
  +1.89889246041599069059e-01
  +1.84061983887985974873e-01
  +1.78205656212878704725e-01
  +1.72321187798315900164e-01
  +1.66409507870084960590e-01
  +1.60471549950989028632e-01
  +1.54508251713429578533e-01
  +1.48520554831340162449e-01
  +1.42509404831482694442e-01
  +1.36475750944139689880e-01
  +1.30420545953218780522e-01
  +1.24344746045797399647e-01
  +1.18249310661129106159e-01
  +1.12135202339137832195e-01
  +1.06003386568422022784e-01
  +9.98548316337907054807e-02
  +9.36905084633625762081e-02
  +8.75113904752433113821e-02
  +8.13184534238120398930e-02
  +7.51126752456397067670e-02
  +6.88950359050597288535e-02
  +6.26665172394205022277e-02
  +5.64281028040429857850e-02
  +5.01807777169049062937e-02
  +4.39255285030797429369e-02
  +3.76633429389520019148e-02
  +3.13952098962371750623e-02
  +2.51221191858265746610e-02
  +1.88450614014850290068e-02
  +1.25650277634238305424e-02
  +6.28300996177702780060e-03
  +6.12322426964343788005e-17
  -6.28300996177668345799e-03
  -1.25650277634234870672e-02
  -1.88450614014846820621e-02
  -2.51221191858264532304e-02
  -3.13952098962370571011e-02
  -3.76633429389516549701e-02
  -4.39255285030793959922e-02
  -5.01807777169045524102e-02
  -5.64281028040428678239e-02
  -6.26665172394201691608e-02
  -6.88950359050593680310e-02
  -7.51126752456393598223e-02
  -8.13184534238119149929e-02
  -8.75113904752429783152e-02
  -9.36905084633622431411e-02
  -9.98548316337903724138e-02
  -1.06003386568421689717e-01
  -1.12135202339137943217e-01
  -1.18249310661128759214e-01
  -1.24344746045797066580e-01
  -1.30420545953218447455e-01
  -1.36475750944139578857e-01
  -1.42509404831482361375e-01
  -1.48520554831339857138e-01
  -1.54508251713429300978e-01
  -1.60471549950988917610e-01
  -1.66409507870084849568e-01
  -1.72321187798315567097e-01
  -1.78205656212878343903e-01
  -1.84061983887985641806e-01
  -1.89889246041599152326e-01
  -1.95686522481463454071e-01
  -2.01452897750417053713e-01
  -2.07187461270950945558e-01
  -2.12889307489002227447e-01
  -2.18557536016948411595e-01
  -2.24191251775792188550e-01
  -2.29789565136502615950e-01
  -2.35351592060499048564e-01
  -2.40876454239250414879e-01
  -2.46363279232970577848e-01
  -2.51811200608386520639e-01
  -2.57219358075558901522e-01
  -2.62586897623730941564e-01
  -2.67912971656186382763e-01
  -2.73196739124096255047e-01
  -2.78437365659329416623e-01
  -2.83634023706208382443e-01
  -2.88785892652190345764e-01
  -2.93892158957452243051e-01
  -2.98952016283356714066e-01
  -3.03964665619783747097e-01
  -3.08929315411302307659e-01
  -3.13845181682166907144e-01
  -3.18711488160115963275e-01
  -3.23527466398955132476e-01
  -3.28292355899902466021e-01
  -3.33005404231681012561e-01
  -3.37665867149335829911e-01
  -3.42273008711759640921e-01
  -3.46826101397905428581e-01
  -3.51324426221671315407e-01
  -3.55767272845435966744e-01
  -3.60153939692229807523e-01
  -3.64483734056522068467e-01
  -3.68755972213606397769e-01
  -3.72969979527569717170e-01
  -3.77125090557824116377e-01
  -3.81220649164188463143e-01
  -3.85256008610500411127e-01
  -3.89230531666742762820e-01
  -3.93143590709670087691e-01
  -3.96994567821917609951e-01
  -4.00782854889577544455e-01
  -4.04507853698227004546e-01
  -4.08168976027393048955e-01
  -4.11765643743439713198e-01
  -4.15297288890862315025e-01
  -4.18763353781973435286e-01
  -4.22163291084967529088e-01
  -4.25496563910353509108e-01
  -4.28762645895733318646e-01
  -4.31961021288921609429e-01
  -4.35091185029389093675e-01
  -4.38152642828016969379e-01
  -4.41144911245150872503e-01
  -4.44067517766942698731e-01
  -4.46920000879964418594e-01
  -4.49701910144086614007e-01
  -4.52412806263609468260e-01
  -4.55052261156631276950e-01
  -4.57619858022647874041e-01
  -4.60115191408371038140e-01
  -4.62537867271752223264e-01
  -4.64887503044208894032e-01
  -4.67163727691034647016e-01
  -4.69366181769990675754e-01
  -4.71494517488065534305e-01
  -4.73548398756395760856e-01
  -4.75527501243338202030e-01
  -4.77431512425685655732e-01
  -4.79260131638018171962e-01
  -4.81013070120180685763e-01
  -4.82690051062882985455e-01
  -4.84290809651409970282e-01
  -4.85815093107439144315e-01
  -4.87262660728957519574e-01
  -4.88633283928271100471e-01
  -4.89926746268101287463e-01
  -4.91142843495763259387e-01
  -4.92281383575419506649e-01
  -4.93342186718404240864e-01
  -4.94325085411614906228e-01
  -4.95229924443963742675e-01
  -4.96056560930887346927e-01
  -4.96804864336910512179e-01
  -4.97474716496258351217e-01
  -4.98066011631516425417e-01
  -4.98578656370334938330e-01
  -4.99012569760172108868e-01
  -4.99367683281078000856e-01
  -4.99643940856514812143e-01
  -4.99841298862211624865e-01
  -4.99959726133053949937e-01
  -4.99999203968003791410e-01
  -4.99959726133053949937e-01
  -4.99841298862211735887e-01
  -4.99643940856514812143e-01
  -4.99367683281078000856e-01
  -4.99012569760172108868e-01
  -4.98578656370335049353e-01
  -4.98066011631516425417e-01
  -4.97474716496258240195e-01
  -4.96804864336910401157e-01
  -4.96056560930887346927e-01
  -4.95229924443963687164e-01
  -4.94325085411614961739e-01
  -4.93342186718404296375e-01
  -4.92281383575419506649e-01
  -4.91142843495763203876e-01
  -4.89926746268101509507e-01
  -4.88633283928271267005e-01
  -4.87262660728957519574e-01
  -4.85815093107439255338e-01
  -4.84290809651410025793e-01
  -4.82690051062883207500e-01
  -4.81013070120180852296e-01
  -4.79260131638018227473e-01
  -4.77431512425685711243e-01
  -4.75527501243338368564e-01
  -4.73548398756395927389e-01
  -4.71494517488065700839e-01
  -4.69366181769990786776e-01
  -4.67163727691034702527e-01
  -4.64887503044209116077e-01
  -4.62537867271752389797e-01
  -4.60115191408371093651e-01
  -4.57619858022648262619e-01
  -4.55052261156631610017e-01
  -4.52412806263609745816e-01
  -4.49701910144086669519e-01
  -4.46920000879964307572e-01
  -4.44067517766943031798e-01
  -4.41144911245151150059e-01
  -4.38152642828017135912e-01
  -4.35091185029389260208e-01
  -4.31961021288921886985e-01
  -4.28762645895733540691e-01
  -4.25496563910353842175e-01
  -4.22163291084967695621e-01
  -4.18763353781973213241e-01
  -4.15297288890862648092e-01
  -4.11765643743440101776e-01
  -4.08168976027393159978e-01
  -4.04507853698227060057e-01
  -4.00782854889577933033e-01
  -3.96994567821918054040e-01
  -3.93143590709670476269e-01
  -3.89230531666742984864e-01
  -3.85256008610500855216e-01
  -3.81220649164188851721e-01
  -3.77125090557824393933e-01
  -3.72969979527569883704e-01
  -3.68755972213606897370e-01
  -3.64483734056522457045e-01
  -3.60153939692230251612e-01
  -3.55767272845435966744e-01
  -3.51324426221671315407e-01
  -3.46826101397905872670e-01
  -3.42273008711759918477e-01
  -3.37665867149336107467e-01
  -3.33005404231681179095e-01
  -3.28292355899902965621e-01
  -3.23527466398955632076e-01
  -3.18711488160116462875e-01
  -3.13845181682166796122e-01
  -3.08929315411302640726e-01
  -3.03964665619784080164e-01
  -2.98952016283357047133e-01
  -2.93892158957452409584e-01
  -2.88785892652190845364e-01
  -2.83634023706208771021e-01
  -2.78437365659329971734e-01
  -2.73196739124096810158e-01
  -2.67912971656186271741e-01
  -2.62586897623731108098e-01
  -2.57219358075559234589e-01
  -2.51811200608386853705e-01
  -2.46363279232970716626e-01
  -2.40876454239250969991e-01
  -2.35351592060499603676e-01
  -2.29789565136503143306e-01
  -2.24191251775792577128e-01
  -2.18557536016948356083e-01
  -2.12889307489002421736e-01
  -2.07187461270951361891e-01
  -2.01452897750417220246e-01
  -1.95686522481463648360e-01
  -1.89889246041599540904e-01
  -1.84061983887986224673e-01
  -1.78205656212878926770e-01
  -1.72321187798316344253e-01
  -1.66409507870085238146e-01
  -1.60471549950989084143e-01
  -1.54508251713429661800e-01
  -1.48520554831339995916e-01
  -1.42509404831482971998e-01
  -1.36475750944139967435e-01
  -1.30420545953219058077e-01
  -1.24344746045797441281e-01
  -1.18249310661129591882e-01
  -1.12135202339138109751e-01
  -1.06003386568422078295e-01
  -9.98548316337907748697e-02
  -9.36905084633624096746e-02
  -8.75113904752433668932e-02
  -8.13184534238123174488e-02
  -7.51126752456399843227e-02
  -6.88950359050597982424e-02
  -6.26665172394205716166e-02
  -5.64281028040430551740e-02
  -5.01807777169049548660e-02
  -4.39255285030795833423e-02
  -3.76633429389522725317e-02
  -3.13952098962374595570e-02
  -2.51221191858268556862e-02
  -1.88450614014850879874e-02
  -1.25650277634243353470e-02
  -6.28300996177686820604e-03
  -1.22464485392868757601e-16
</dep>
